initial_branch,trial_id,stage_id,bus_id,voltage_pu,voltage_deviation_component,voltage_severity_component,severity_valid,replay_source
1,1,1,1,0.99698657118726,0,0,1,replayed_pf_result
1,1,1,2,1.01008412398202,0,0,1,replayed_pf_result
1,1,1,3,0.996450354273751,0,0,1,replayed_pf_result
1,1,1,4,0.97975611093021,0,0,1,replayed_pf_result
1,1,1,5,0.983970515310321,0,0,1,replayed_pf_result
1,1,1,6,0.988354827910317,0,0,1,replayed_pf_result
1,1,1,7,0.972880694219517,0,0,1,replayed_pf_result
1,1,1,8,0.970104893641862,0,0,1,replayed_pf_result
1,1,1,9,0.998708364118035,0,0,1,replayed_pf_result
1,1,1,10,1.00613764599756,0,0,1,replayed_pf_result
1,1,1,11,0.998836526101542,0,0,1,replayed_pf_result
1,1,1,12,0.98597650509371,0,0,1,replayed_pf_result
1,1,1,13,1.0005556968995,0,0,1,replayed_pf_result
1,1,1,14,0.991570369099524,0,0,1,replayed_pf_result
1,1,1,15,0.987828467762574,0,0,1,replayed_pf_result
1,1,1,16,1.00155829149204,0,0,1,replayed_pf_result
1,1,1,17,1.00188399971642,0,0,1,replayed_pf_result
1,1,1,18,0.998450573436521,0,0,1,replayed_pf_result
1,1,1,19,1.0375611031401,0,0,1,replayed_pf_result
1,1,1,20,0.978533704171099,0,0,1,replayed_pf_result
1,1,1,21,0.99322186325156,0,0,1,replayed_pf_result
1,1,1,22,1.0035618064706,0,0,1,replayed_pf_result
1,1,1,23,0.996317387117245,0,0,1,replayed_pf_result
1,1,1,24,1.00450540358069,0,0,1,replayed_pf_result
1,1,1,25,1.01775160730606,0,0,1,replayed_pf_result
1,1,1,26,1.01868307540865,0,0,1,replayed_pf_result
1,1,1,27,1.00482166979272,0,0,1,replayed_pf_result
1,1,1,28,1.02134734933609,0,0,1,replayed_pf_result
1,1,1,29,1.02221308912814,0,0,1,replayed_pf_result
1,1,1,30,1,0,0,1,replayed_pf_result
1,1,1,31,1,0,0,1,replayed_pf_result
1,1,1,32,1,0,0,1,replayed_pf_result
1,1,1,33,1,0,0,1,replayed_pf_result
1,1,1,34,1,0,0,1,replayed_pf_result
1,1,1,35,1,0,0,1,replayed_pf_result
1,1,1,36,1,0,0,1,replayed_pf_result
1,1,1,37,1,0,0,1,replayed_pf_result
1,1,1,38,1,0,0,1,replayed_pf_result
1,1,1,39,1,0,0,1,replayed_pf_result
1,1,2,1,0.99698657118726,0,0,1,replayed_pf_result
1,1,2,2,1.0207447811562,0,0,1,replayed_pf_result
1,1,2,3,0.958523980866124,0,0,1,replayed_pf_result
1,1,2,4,0.957363944933733,0,0,1,replayed_pf_result
1,1,2,5,0.968524620975131,0,0,1,replayed_pf_result
1,1,2,6,0.974093202061123,0,0,1,replayed_pf_result
1,1,2,7,0.958657686864637,0,0,1,replayed_pf_result
1,1,2,8,0.956039406580139,0,0,1,replayed_pf_result
1,1,2,9,0.992702183146734,0,0,1,replayed_pf_result
1,1,2,10,0.993275805935978,0,0,1,replayed_pf_result
1,1,2,11,0.98540207950121,0,0,1,replayed_pf_result
1,1,2,12,0.97153985843241,0,0,1,replayed_pf_result
1,1,2,13,0.985874155304742,0,0,1,replayed_pf_result
1,1,2,14,0.972513412515968,0,0,1,replayed_pf_result
1,1,2,15,0.966580908543845,0,0,1,replayed_pf_result
1,1,2,16,0.980432104393048,0,0,1,replayed_pf_result
1,1,2,17,0.968214091546166,0,0,1,replayed_pf_result
1,1,2,18,0.961913322954923,0,0,1,replayed_pf_result
1,1,2,19,1.02979281153721,0,0,1,replayed_pf_result
1,1,2,20,0.974292158739667,0,0,1,replayed_pf_result
1,1,2,21,0.978319169624768,0,0,1,replayed_pf_result
1,1,2,22,0.995571575840568,0,0,1,replayed_pf_result
1,1,2,23,0.988041718533426,0,0,1,replayed_pf_result
1,1,2,24,0.98524621721233,0,0,1,replayed_pf_result
1,1,2,25,0.991109673576248,0,0,1,replayed_pf_result
1,1,2,26,0.973359229560763,0,0,1,replayed_pf_result
1,1,2,27,0.958058285685088,0,0,1,replayed_pf_result
1,1,2,28,0.997962684733876,0,0,1,replayed_pf_result
1,1,2,29,1.00618791514158,0,0,1,replayed_pf_result
1,1,2,30,1,0,0,1,replayed_pf_result
1,1,2,31,1,0,0,1,replayed_pf_result
1,1,2,32,1,0,0,1,replayed_pf_result
1,1,2,33,1,0,0,1,replayed_pf_result
1,1,2,34,1,0,0,1,replayed_pf_result
1,1,2,35,1,0,0,1,replayed_pf_result
1,1,2,36,1,0,0,1,replayed_pf_result
1,1,2,37,1,0,0,1,replayed_pf_result
1,1,2,38,1,0,0,1,replayed_pf_result
1,1,2,39,1,0,0,1,replayed_pf_result
1,1,3,1,0.99698657118726,0,0,1,replayed_pf_result
1,1,3,2,1.0484941,0,0,1,replayed_pf_result
1,1,3,3,0.925215972975762,0,0,1,replayed_pf_result
1,1,3,4,0.913178361353013,0,0,1,replayed_pf_result
1,1,3,5,0.918758852447712,0,0,1,replayed_pf_result
1,1,3,6,0.923894426865237,0,0,1,replayed_pf_result
1,1,3,7,0.909953690701251,0,0,1,replayed_pf_result
1,1,3,8,0.908713543098492,0,0,1,replayed_pf_result
1,1,3,9,0.972424001738394,0,0,1,replayed_pf_result
1,1,3,10,0.957838552458309,0,0,1,replayed_pf_result
1,1,3,11,0.945152171484477,0,0,1,replayed_pf_result
1,1,3,12,0.931718820753841,0,0,1,replayed_pf_result
1,1,3,13,0.948781030081548,0,0,1,replayed_pf_result
1,1,3,14,0.934272796169633,0,0,1,replayed_pf_result
1,1,3,15,0.941566213007301,0,0,1,replayed_pf_result
1,1,3,16,0.961441796697549,0,0,1,replayed_pf_result
1,1,3,17,0.944114417603475,0,0,1,replayed_pf_result
1,1,3,18,0.935323060402858,0,0,1,replayed_pf_result
1,1,3,19,1.02280884848291,0,0,1,replayed_pf_result
1,1,3,20,0.970478302947161,0,0,1,replayed_pf_result
1,1,3,21,0.964912956167397,0,0,1,replayed_pf_result
1,1,3,22,0.988381998494278,0,0,1,replayed_pf_result
1,1,3,23,0.980595420246477,0,0,1,replayed_pf_result
1,1,3,24,0.967933498131269,0,0,1,replayed_pf_result
1,1,3,25,1.0576827,0,0,1,replayed_pf_result
1,1,3,26,1.0525613,0,0,1,replayed_pf_result
1,1,3,27,0.927259146279132,0,0,1,replayed_pf_result
1,1,3,28,1.0503737,0,0,1,replayed_pf_result
1,1,3,29,1.0501149,0,0,1,replayed_pf_result
1,1,3,30,1.0499,0,0,1,replayed_pf_result
1,1,3,31,1,0,0,1,replayed_pf_result
1,1,3,32,1,0,0,1,replayed_pf_result
1,1,3,33,1,0,0,1,replayed_pf_result
1,1,3,34,1,0,0,1,replayed_pf_result
1,1,3,35,1,0,0,1,replayed_pf_result
1,1,3,36,1,0,0,1,replayed_pf_result
1,1,3,37,1.0275,0,0,1,replayed_pf_result
1,1,3,38,1.0265,0,0,1,replayed_pf_result
1,1,3,39,1,0,0,1,replayed_pf_result
1,1,4,1,0.998275277890185,0,0,1,replayed_after_load_shedding
1,1,4,2,1.0484941,0,0,1,replayed_after_load_shedding
1,1,4,3,0.925665008846109,0,0,1,replayed_after_load_shedding
1,1,4,4,0.90951709964889,0,0,1,replayed_after_load_shedding
1,1,4,5,0.904900292266951,0,0,1,replayed_after_load_shedding
1,1,4,6,0.908648461645314,0,0,1,replayed_after_load_shedding
1,1,4,7,0.890332918482282,0.00966708151771811,0.565329768535458,1,replayed_after_load_shedding
1,1,4,8,0.885766885486398,0.0142331145136021,0.834257065777697,1,replayed_after_load_shedding
1,1,4,9,0.929728608761259,0,0,1,replayed_after_load_shedding
1,1,4,10,0.951665208823484,0,0,1,replayed_after_load_shedding
1,1,4,11,0.936051349612146,0,0,1,replayed_after_load_shedding
1,1,4,12,0.926920656102412,0,0,1,replayed_after_load_shedding
1,1,4,13,0.944276482588204,0,0,1,replayed_after_load_shedding
1,1,4,14,0.932447887974939,0,0,1,replayed_after_load_shedding
1,1,4,15,0.944101003794455,0,0,1,replayed_after_load_shedding
1,1,4,16,0.963383370248527,0,0,1,replayed_after_load_shedding
1,1,4,17,0.946460338592662,0,0,1,replayed_after_load_shedding
1,1,4,18,0.937093481774224,0,0,1,replayed_after_load_shedding
1,1,4,19,1.02391592372496,0,0,1,replayed_after_load_shedding
1,1,4,20,0.972303725610761,0,0,1,replayed_after_load_shedding
1,1,4,21,0.967360676831472,0,0,1,replayed_after_load_shedding
1,1,4,22,0.98975827187741,0,0,1,replayed_after_load_shedding
1,1,4,23,0.98219378892498,0,0,1,replayed_after_load_shedding
1,1,4,24,0.96931991416897,0,0,1,replayed_after_load_shedding
1,1,4,25,1.0576827,0,0,1,replayed_after_load_shedding
1,1,4,26,1.0525613,0,0,1,replayed_after_load_shedding
1,1,4,27,0.931779622944176,0,0,1,replayed_after_load_shedding
1,1,4,28,1.0503737,0,0,1,replayed_after_load_shedding
1,1,4,29,1.0501149,0,0,1,replayed_after_load_shedding
1,1,4,30,1.0499,0,0,1,replayed_after_load_shedding
1,1,4,31,0.982,0,0,1,replayed_after_load_shedding
1,1,4,32,1,0,0,1,replayed_after_load_shedding
1,1,4,33,1,0,0,1,replayed_after_load_shedding
1,1,4,34,1,0,0,1,replayed_after_load_shedding
1,1,4,35,1,0,0,1,replayed_after_load_shedding
1,1,4,36,1,0,0,1,replayed_after_load_shedding
1,1,4,37,1.0275,0,0,1,replayed_after_load_shedding
1,1,4,38,1.0265,0,0,1,replayed_after_load_shedding
1,1,4,39,0.999999999999999,0,0,1,replayed_after_load_shedding
1,1,5,1,1.00000019980794,0,0,1,replayed_after_load_shedding
1,1,5,2,1.0484941,0,0,1,replayed_after_load_shedding
1,1,5,3,0.89186386701719,0.00813613298281035,0.475435468412795,1,replayed_after_load_shedding
1,1,5,4,0.882589636599672,0.0174103634003284,1.02211446934085,1,replayed_after_load_shedding
1,1,5,5,0.881119119357082,0.0188808806429179,1.10926224496477,1,replayed_after_load_shedding
1,1,5,6,0.885709571947003,0.0142904280529974,0.837640491451656,1,replayed_after_load_shedding
1,1,5,7,0.86741691741591,0.0325830825840904,1.92749078097614,1,replayed_after_load_shedding
1,1,5,8,0.862415020394629,0.0375849796053709,2.22898403755009,1,replayed_after_load_shedding
1,1,5,9,0.910607027740001,0,0,1,replayed_after_load_shedding
1,1,5,10,0.932308028906813,0,0,1,replayed_after_load_shedding
1,1,5,11,0.915619748143065,0,0,1,replayed_after_load_shedding
1,1,5,12,0.908138354417481,0,0,1,replayed_after_load_shedding
1,1,5,13,0.922436546065008,0,0,1,replayed_after_load_shedding
1,1,5,14,0.904676283874151,0,0,1,replayed_after_load_shedding
1,1,5,15,0.904569506003669,0,0,1,replayed_after_load_shedding
1,1,5,16,0.917512825846574,0,0,1,replayed_after_load_shedding
1,1,5,17,0.905503969341336,0,0,1,replayed_after_load_shedding
1,1,5,18,0.899193995113331,0.000806004886669487,0.0469265159265659,1,replayed_after_load_shedding
1,1,5,19,1.0501068,0,0,1,replayed_after_load_shedding
1,1,5,20,0.99101054,0,0,1,replayed_after_load_shedding
1,1,5,21,0.9363872227168,0,0,1,replayed_after_load_shedding
1,1,5,22,0.973209183578473,0,0,1,replayed_after_load_shedding
1,1,5,23,0.965282076109157,0,0,1,replayed_after_load_shedding
1,1,5,24,0.926893433123459,0,0,1,replayed_after_load_shedding
1,1,5,25,1.0576827,0,0,1,replayed_after_load_shedding
1,1,5,26,1.0525613,0,0,1,replayed_after_load_shedding
1,1,5,27,0.892735667523044,0.00726433247695557,0.424306515148471,1,replayed_after_load_shedding
1,1,5,28,1.0503737,0,0,1,replayed_after_load_shedding
1,1,5,29,1.0501149,0,0,1,replayed_after_load_shedding
1,1,5,30,1.0499,0,0,1,replayed_after_load_shedding
1,1,5,31,0.982,0,0,1,replayed_after_load_shedding
1,1,5,32,1,0,0,1,replayed_after_load_shedding
1,1,5,33,0.9972,0,0,1,replayed_after_load_shedding
1,1,5,34,1.0123,0,0,1,replayed_after_load_shedding
1,1,5,35,1,0,0,1,replayed_after_load_shedding
1,1,5,36,1,0,0,1,replayed_after_load_shedding
1,1,5,37,1.0275,0,0,1,replayed_after_load_shedding
1,1,5,38,1.0265,0,0,1,replayed_after_load_shedding
1,1,5,39,0.999999999999999,0,0,1,replayed_after_load_shedding
1,2,1,1,0.99698657118726,0,0,1,replayed_pf_result
1,2,1,2,1.01008412398202,0,0,1,replayed_pf_result
1,2,1,3,0.996450354273751,0,0,1,replayed_pf_result
1,2,1,4,0.97975611093021,0,0,1,replayed_pf_result
1,2,1,5,0.983970515310321,0,0,1,replayed_pf_result
1,2,1,6,0.988354827910317,0,0,1,replayed_pf_result
1,2,1,7,0.972880694219517,0,0,1,replayed_pf_result
1,2,1,8,0.970104893641862,0,0,1,replayed_pf_result
1,2,1,9,0.998708364118035,0,0,1,replayed_pf_result
1,2,1,10,1.00613764599756,0,0,1,replayed_pf_result
1,2,1,11,0.998836526101542,0,0,1,replayed_pf_result
1,2,1,12,0.98597650509371,0,0,1,replayed_pf_result
1,2,1,13,1.0005556968995,0,0,1,replayed_pf_result
1,2,1,14,0.991570369099524,0,0,1,replayed_pf_result
1,2,1,15,0.987828467762574,0,0,1,replayed_pf_result
1,2,1,16,1.00155829149204,0,0,1,replayed_pf_result
1,2,1,17,1.00188399971642,0,0,1,replayed_pf_result
1,2,1,18,0.998450573436521,0,0,1,replayed_pf_result
1,2,1,19,1.0375611031401,0,0,1,replayed_pf_result
1,2,1,20,0.978533704171099,0,0,1,replayed_pf_result
1,2,1,21,0.99322186325156,0,0,1,replayed_pf_result
1,2,1,22,1.0035618064706,0,0,1,replayed_pf_result
1,2,1,23,0.996317387117245,0,0,1,replayed_pf_result
1,2,1,24,1.00450540358069,0,0,1,replayed_pf_result
1,2,1,25,1.01775160730606,0,0,1,replayed_pf_result
1,2,1,26,1.01868307540865,0,0,1,replayed_pf_result
1,2,1,27,1.00482166979272,0,0,1,replayed_pf_result
1,2,1,28,1.02134734933609,0,0,1,replayed_pf_result
1,2,1,29,1.02221308912814,0,0,1,replayed_pf_result
1,2,1,30,1,0,0,1,replayed_pf_result
1,2,1,31,1,0,0,1,replayed_pf_result
1,2,1,32,1,0,0,1,replayed_pf_result
1,2,1,33,1,0,0,1,replayed_pf_result
1,2,1,34,1,0,0,1,replayed_pf_result
1,2,1,35,1,0,0,1,replayed_pf_result
1,2,1,36,1,0,0,1,replayed_pf_result
1,2,1,37,1,0,0,1,replayed_pf_result
1,2,1,38,1,0,0,1,replayed_pf_result
1,2,1,39,1,0,0,1,replayed_pf_result
1,2,2,1,0.99698657118726,0,0,1,replayed_pf_result
1,2,2,2,1.0207447811562,0,0,1,replayed_pf_result
1,2,2,3,0.958523980866124,0,0,1,replayed_pf_result
1,2,2,4,0.957363944933733,0,0,1,replayed_pf_result
1,2,2,5,0.968524620975131,0,0,1,replayed_pf_result
1,2,2,6,0.974093202061123,0,0,1,replayed_pf_result
1,2,2,7,0.958657686864637,0,0,1,replayed_pf_result
1,2,2,8,0.956039406580139,0,0,1,replayed_pf_result
1,2,2,9,0.992702183146734,0,0,1,replayed_pf_result
1,2,2,10,0.993275805935978,0,0,1,replayed_pf_result
1,2,2,11,0.98540207950121,0,0,1,replayed_pf_result
1,2,2,12,0.97153985843241,0,0,1,replayed_pf_result
1,2,2,13,0.985874155304742,0,0,1,replayed_pf_result
1,2,2,14,0.972513412515968,0,0,1,replayed_pf_result
1,2,2,15,0.966580908543845,0,0,1,replayed_pf_result
1,2,2,16,0.980432104393048,0,0,1,replayed_pf_result
1,2,2,17,0.968214091546166,0,0,1,replayed_pf_result
1,2,2,18,0.961913322954923,0,0,1,replayed_pf_result
1,2,2,19,1.02979281153721,0,0,1,replayed_pf_result
1,2,2,20,0.974292158739667,0,0,1,replayed_pf_result
1,2,2,21,0.978319169624768,0,0,1,replayed_pf_result
1,2,2,22,0.995571575840568,0,0,1,replayed_pf_result
1,2,2,23,0.988041718533426,0,0,1,replayed_pf_result
1,2,2,24,0.98524621721233,0,0,1,replayed_pf_result
1,2,2,25,0.991109673576248,0,0,1,replayed_pf_result
1,2,2,26,0.973359229560763,0,0,1,replayed_pf_result
1,2,2,27,0.958058285685088,0,0,1,replayed_pf_result
1,2,2,28,0.997962684733876,0,0,1,replayed_pf_result
1,2,2,29,1.00618791514158,0,0,1,replayed_pf_result
1,2,2,30,1,0,0,1,replayed_pf_result
1,2,2,31,1,0,0,1,replayed_pf_result
1,2,2,32,1,0,0,1,replayed_pf_result
1,2,2,33,1,0,0,1,replayed_pf_result
1,2,2,34,1,0,0,1,replayed_pf_result
1,2,2,35,1,0,0,1,replayed_pf_result
1,2,2,36,1,0,0,1,replayed_pf_result
1,2,2,37,1,0,0,1,replayed_pf_result
1,2,2,38,1,0,0,1,replayed_pf_result
1,2,2,39,1,0,0,1,replayed_pf_result
1,2,3,1,0.99698657118726,0,0,1,replayed_pf_result
1,2,3,2,1.0484941,0,0,1,replayed_pf_result
1,2,3,3,0.925215972975762,0,0,1,replayed_pf_result
1,2,3,4,0.913178361353013,0,0,1,replayed_pf_result
1,2,3,5,0.918758852447712,0,0,1,replayed_pf_result
1,2,3,6,0.923894426865237,0,0,1,replayed_pf_result
1,2,3,7,0.909953690701251,0,0,1,replayed_pf_result
1,2,3,8,0.908713543098492,0,0,1,replayed_pf_result
1,2,3,9,0.972424001738394,0,0,1,replayed_pf_result
1,2,3,10,0.957838552458309,0,0,1,replayed_pf_result
1,2,3,11,0.945152171484477,0,0,1,replayed_pf_result
1,2,3,12,0.931718820753841,0,0,1,replayed_pf_result
1,2,3,13,0.948781030081548,0,0,1,replayed_pf_result
1,2,3,14,0.934272796169633,0,0,1,replayed_pf_result
1,2,3,15,0.941566213007301,0,0,1,replayed_pf_result
1,2,3,16,0.961441796697549,0,0,1,replayed_pf_result
1,2,3,17,0.944114417603475,0,0,1,replayed_pf_result
1,2,3,18,0.935323060402858,0,0,1,replayed_pf_result
1,2,3,19,1.02280884848291,0,0,1,replayed_pf_result
1,2,3,20,0.970478302947161,0,0,1,replayed_pf_result
1,2,3,21,0.964912956167397,0,0,1,replayed_pf_result
1,2,3,22,0.988381998494278,0,0,1,replayed_pf_result
1,2,3,23,0.980595420246477,0,0,1,replayed_pf_result
1,2,3,24,0.967933498131269,0,0,1,replayed_pf_result
1,2,3,25,1.0576827,0,0,1,replayed_pf_result
1,2,3,26,1.0525613,0,0,1,replayed_pf_result
1,2,3,27,0.927259146279132,0,0,1,replayed_pf_result
1,2,3,28,1.0503737,0,0,1,replayed_pf_result
1,2,3,29,1.0501149,0,0,1,replayed_pf_result
1,2,3,30,1.0499,0,0,1,replayed_pf_result
1,2,3,31,1,0,0,1,replayed_pf_result
1,2,3,32,1,0,0,1,replayed_pf_result
1,2,3,33,1,0,0,1,replayed_pf_result
1,2,3,34,1,0,0,1,replayed_pf_result
1,2,3,35,1,0,0,1,replayed_pf_result
1,2,3,36,1,0,0,1,replayed_pf_result
1,2,3,37,1.0275,0,0,1,replayed_pf_result
1,2,3,38,1.0265,0,0,1,replayed_pf_result
1,2,3,39,1,0,0,1,replayed_pf_result
1,2,4,1,0.998275277890185,0,0,1,replayed_after_load_shedding
1,2,4,2,1.0484941,0,0,1,replayed_after_load_shedding
1,2,4,3,0.925665008846109,0,0,1,replayed_after_load_shedding
1,2,4,4,0.90951709964889,0,0,1,replayed_after_load_shedding
1,2,4,5,0.904900292266951,0,0,1,replayed_after_load_shedding
1,2,4,6,0.908648461645314,0,0,1,replayed_after_load_shedding
1,2,4,7,0.890332918482282,0.00966708151771811,0.565329768535458,1,replayed_after_load_shedding
1,2,4,8,0.885766885486398,0.0142331145136021,0.834257065777697,1,replayed_after_load_shedding
1,2,4,9,0.929728608761259,0,0,1,replayed_after_load_shedding
1,2,4,10,0.951665208823484,0,0,1,replayed_after_load_shedding
1,2,4,11,0.936051349612146,0,0,1,replayed_after_load_shedding
1,2,4,12,0.926920656102412,0,0,1,replayed_after_load_shedding
1,2,4,13,0.944276482588204,0,0,1,replayed_after_load_shedding
1,2,4,14,0.932447887974939,0,0,1,replayed_after_load_shedding
1,2,4,15,0.944101003794455,0,0,1,replayed_after_load_shedding
1,2,4,16,0.963383370248527,0,0,1,replayed_after_load_shedding
1,2,4,17,0.946460338592662,0,0,1,replayed_after_load_shedding
1,2,4,18,0.937093481774224,0,0,1,replayed_after_load_shedding
1,2,4,19,1.02391592372496,0,0,1,replayed_after_load_shedding
1,2,4,20,0.972303725610761,0,0,1,replayed_after_load_shedding
1,2,4,21,0.967360676831472,0,0,1,replayed_after_load_shedding
1,2,4,22,0.98975827187741,0,0,1,replayed_after_load_shedding
1,2,4,23,0.98219378892498,0,0,1,replayed_after_load_shedding
1,2,4,24,0.96931991416897,0,0,1,replayed_after_load_shedding
1,2,4,25,1.0576827,0,0,1,replayed_after_load_shedding
1,2,4,26,1.0525613,0,0,1,replayed_after_load_shedding
1,2,4,27,0.931779622944176,0,0,1,replayed_after_load_shedding
1,2,4,28,1.0503737,0,0,1,replayed_after_load_shedding
1,2,4,29,1.0501149,0,0,1,replayed_after_load_shedding
1,2,4,30,1.0499,0,0,1,replayed_after_load_shedding
1,2,4,31,0.982,0,0,1,replayed_after_load_shedding
1,2,4,32,1,0,0,1,replayed_after_load_shedding
1,2,4,33,1,0,0,1,replayed_after_load_shedding
1,2,4,34,1,0,0,1,replayed_after_load_shedding
1,2,4,35,1,0,0,1,replayed_after_load_shedding
1,2,4,36,1,0,0,1,replayed_after_load_shedding
1,2,4,37,1.0275,0,0,1,replayed_after_load_shedding
1,2,4,38,1.0265,0,0,1,replayed_after_load_shedding
1,2,4,39,0.999999999999999,0,0,1,replayed_after_load_shedding
1,2,5,1,1.0393836,0,0,1,replayed_pf_result
1,2,5,2,1.0484941,0,0,1,replayed_pf_result
1,2,5,3,0.898699775191396,0.00130022480860392,0.0757192705996879,1,replayed_pf_result
1,2,5,4,0.87620376340421,0.0237962365957897,1.40149455533289,1,replayed_pf_result
1,2,5,5,0.871853445233367,0.0281465547666332,1.66133467064581,1,replayed_pf_result
1,2,5,6,0.873707385673911,0.0262926143260888,1.55046244688884,1,replayed_pf_result
1,2,5,7,0.86187358009061,0.03812641990939,2.26171032272038,1,replayed_pf_result
1,2,5,8,0.860683711182751,0.0393162888172491,2.33369187618582,1,replayed_pf_result
1,2,5,9,0.89109169081367,0.00890830918633012,0.520758941374147,1,replayed_pf_result
1,2,5,10,0.910525604531825,0,0,1,replayed_pf_result
1,2,5,11,0.895088789206382,0.00491121079361845,0.286524042513338,1,replayed_pf_result
1,2,5,12,0.884991621893494,0.0150083781065065,0.880040114855797,1,replayed_pf_result
1,2,5,13,0.903674461211817,0,0,1,replayed_pf_result
1,2,5,14,0.896240664378546,0.00375933562145403,0.219196334642302,1,replayed_pf_result
1,2,5,15,0.9213211100506,0,0,1,replayed_pf_result
1,2,5,16,0.946975568377282,0,0,1,replayed_pf_result
1,2,5,17,0.926420440602668,0,0,1,replayed_pf_result
1,2,5,18,0.914264468494387,0,0,1,replayed_pf_result
1,2,5,19,1.01787828035565,0,0,1,replayed_pf_result
1,2,5,20,0.969012187410345,0,0,1,replayed_pf_result
1,2,5,21,0.955776688321627,0,0,1,replayed_pf_result
1,2,5,22,0.983542851529573,0,0,1,replayed_pf_result
1,2,5,23,0.975755935694868,0,0,1,replayed_pf_result
1,2,5,24,0.954351722054473,0,0,1,replayed_pf_result
1,2,5,25,1.0576827,0,0,1,replayed_pf_result
1,2,5,26,1.0525613,0,0,1,replayed_pf_result
1,2,5,27,0.911242154571876,0,0,1,replayed_pf_result
1,2,5,28,1.0503737,0,0,1,replayed_pf_result
1,2,5,29,1.0501149,0,0,1,replayed_pf_result
1,2,5,30,1.0499,0,0,1,replayed_pf_result
1,2,5,31,0.982,0,0,1,replayed_pf_result
1,2,5,32,1,0,0,1,replayed_pf_result
1,2,5,33,1,0,0,1,replayed_pf_result
1,2,5,34,1,0,0,1,replayed_pf_result
1,2,5,35,1,0,0,1,replayed_pf_result
1,2,5,36,1,0,0,1,replayed_pf_result
1,2,5,37,1.0275,0,0,1,replayed_pf_result
1,2,5,38,1.0265,0,0,1,replayed_pf_result
1,2,5,39,1.03,0,0,1,replayed_pf_result
1,3,1,1,0.99698657118726,0,0,1,replayed_pf_result
1,3,1,2,1.01008412398202,0,0,1,replayed_pf_result
1,3,1,3,0.996450354273751,0,0,1,replayed_pf_result
1,3,1,4,0.97975611093021,0,0,1,replayed_pf_result
1,3,1,5,0.983970515310321,0,0,1,replayed_pf_result
1,3,1,6,0.988354827910317,0,0,1,replayed_pf_result
1,3,1,7,0.972880694219517,0,0,1,replayed_pf_result
1,3,1,8,0.970104893641862,0,0,1,replayed_pf_result
1,3,1,9,0.998708364118035,0,0,1,replayed_pf_result
1,3,1,10,1.00613764599756,0,0,1,replayed_pf_result
1,3,1,11,0.998836526101542,0,0,1,replayed_pf_result
1,3,1,12,0.98597650509371,0,0,1,replayed_pf_result
1,3,1,13,1.0005556968995,0,0,1,replayed_pf_result
1,3,1,14,0.991570369099524,0,0,1,replayed_pf_result
1,3,1,15,0.987828467762574,0,0,1,replayed_pf_result
1,3,1,16,1.00155829149204,0,0,1,replayed_pf_result
1,3,1,17,1.00188399971642,0,0,1,replayed_pf_result
1,3,1,18,0.998450573436521,0,0,1,replayed_pf_result
1,3,1,19,1.0375611031401,0,0,1,replayed_pf_result
1,3,1,20,0.978533704171099,0,0,1,replayed_pf_result
1,3,1,21,0.99322186325156,0,0,1,replayed_pf_result
1,3,1,22,1.0035618064706,0,0,1,replayed_pf_result
1,3,1,23,0.996317387117245,0,0,1,replayed_pf_result
1,3,1,24,1.00450540358069,0,0,1,replayed_pf_result
1,3,1,25,1.01775160730606,0,0,1,replayed_pf_result
1,3,1,26,1.01868307540865,0,0,1,replayed_pf_result
1,3,1,27,1.00482166979272,0,0,1,replayed_pf_result
1,3,1,28,1.02134734933609,0,0,1,replayed_pf_result
1,3,1,29,1.02221308912814,0,0,1,replayed_pf_result
1,3,1,30,1,0,0,1,replayed_pf_result
1,3,1,31,1,0,0,1,replayed_pf_result
1,3,1,32,1,0,0,1,replayed_pf_result
1,3,1,33,1,0,0,1,replayed_pf_result
1,3,1,34,1,0,0,1,replayed_pf_result
1,3,1,35,1,0,0,1,replayed_pf_result
1,3,1,36,1,0,0,1,replayed_pf_result
1,3,1,37,1,0,0,1,replayed_pf_result
1,3,1,38,1,0,0,1,replayed_pf_result
1,3,1,39,1,0,0,1,replayed_pf_result
1,4,1,1,0.99698657118726,0,0,1,replayed_pf_result
1,4,1,2,1.01008412398202,0,0,1,replayed_pf_result
1,4,1,3,0.996450354273751,0,0,1,replayed_pf_result
1,4,1,4,0.97975611093021,0,0,1,replayed_pf_result
1,4,1,5,0.983970515310321,0,0,1,replayed_pf_result
1,4,1,6,0.988354827910317,0,0,1,replayed_pf_result
1,4,1,7,0.972880694219517,0,0,1,replayed_pf_result
1,4,1,8,0.970104893641862,0,0,1,replayed_pf_result
1,4,1,9,0.998708364118035,0,0,1,replayed_pf_result
1,4,1,10,1.00613764599756,0,0,1,replayed_pf_result
1,4,1,11,0.998836526101542,0,0,1,replayed_pf_result
1,4,1,12,0.98597650509371,0,0,1,replayed_pf_result
1,4,1,13,1.0005556968995,0,0,1,replayed_pf_result
1,4,1,14,0.991570369099524,0,0,1,replayed_pf_result
1,4,1,15,0.987828467762574,0,0,1,replayed_pf_result
1,4,1,16,1.00155829149204,0,0,1,replayed_pf_result
1,4,1,17,1.00188399971642,0,0,1,replayed_pf_result
1,4,1,18,0.998450573436521,0,0,1,replayed_pf_result
1,4,1,19,1.0375611031401,0,0,1,replayed_pf_result
1,4,1,20,0.978533704171099,0,0,1,replayed_pf_result
1,4,1,21,0.99322186325156,0,0,1,replayed_pf_result
1,4,1,22,1.0035618064706,0,0,1,replayed_pf_result
1,4,1,23,0.996317387117245,0,0,1,replayed_pf_result
1,4,1,24,1.00450540358069,0,0,1,replayed_pf_result
1,4,1,25,1.01775160730606,0,0,1,replayed_pf_result
1,4,1,26,1.01868307540865,0,0,1,replayed_pf_result
1,4,1,27,1.00482166979272,0,0,1,replayed_pf_result
1,4,1,28,1.02134734933609,0,0,1,replayed_pf_result
1,4,1,29,1.02221308912814,0,0,1,replayed_pf_result
1,4,1,30,1,0,0,1,replayed_pf_result
1,4,1,31,1,0,0,1,replayed_pf_result
1,4,1,32,1,0,0,1,replayed_pf_result
1,4,1,33,1,0,0,1,replayed_pf_result
1,4,1,34,1,0,0,1,replayed_pf_result
1,4,1,35,1,0,0,1,replayed_pf_result
1,4,1,36,1,0,0,1,replayed_pf_result
1,4,1,37,1,0,0,1,replayed_pf_result
1,4,1,38,1,0,0,1,replayed_pf_result
1,4,1,39,1,0,0,1,replayed_pf_result
1,5,1,1,0.99698657118726,0,0,1,replayed_pf_result
1,5,1,2,1.01008412398202,0,0,1,replayed_pf_result
1,5,1,3,0.996450354273751,0,0,1,replayed_pf_result
1,5,1,4,0.97975611093021,0,0,1,replayed_pf_result
1,5,1,5,0.983970515310321,0,0,1,replayed_pf_result
1,5,1,6,0.988354827910317,0,0,1,replayed_pf_result
1,5,1,7,0.972880694219517,0,0,1,replayed_pf_result
1,5,1,8,0.970104893641862,0,0,1,replayed_pf_result
1,5,1,9,0.998708364118035,0,0,1,replayed_pf_result
1,5,1,10,1.00613764599756,0,0,1,replayed_pf_result
1,5,1,11,0.998836526101542,0,0,1,replayed_pf_result
1,5,1,12,0.98597650509371,0,0,1,replayed_pf_result
1,5,1,13,1.0005556968995,0,0,1,replayed_pf_result
1,5,1,14,0.991570369099524,0,0,1,replayed_pf_result
1,5,1,15,0.987828467762574,0,0,1,replayed_pf_result
1,5,1,16,1.00155829149204,0,0,1,replayed_pf_result
1,5,1,17,1.00188399971642,0,0,1,replayed_pf_result
1,5,1,18,0.998450573436521,0,0,1,replayed_pf_result
1,5,1,19,1.0375611031401,0,0,1,replayed_pf_result
1,5,1,20,0.978533704171099,0,0,1,replayed_pf_result
1,5,1,21,0.99322186325156,0,0,1,replayed_pf_result
1,5,1,22,1.0035618064706,0,0,1,replayed_pf_result
1,5,1,23,0.996317387117245,0,0,1,replayed_pf_result
1,5,1,24,1.00450540358069,0,0,1,replayed_pf_result
1,5,1,25,1.01775160730606,0,0,1,replayed_pf_result
1,5,1,26,1.01868307540865,0,0,1,replayed_pf_result
1,5,1,27,1.00482166979272,0,0,1,replayed_pf_result
1,5,1,28,1.02134734933609,0,0,1,replayed_pf_result
1,5,1,29,1.02221308912814,0,0,1,replayed_pf_result
1,5,1,30,1,0,0,1,replayed_pf_result
1,5,1,31,1,0,0,1,replayed_pf_result
1,5,1,32,1,0,0,1,replayed_pf_result
1,5,1,33,1,0,0,1,replayed_pf_result
1,5,1,34,1,0,0,1,replayed_pf_result
1,5,1,35,1,0,0,1,replayed_pf_result
1,5,1,36,1,0,0,1,replayed_pf_result
1,5,1,37,1,0,0,1,replayed_pf_result
1,5,1,38,1,0,0,1,replayed_pf_result
1,5,1,39,1,0,0,1,replayed_pf_result
1,6,1,1,0.99698657118726,0,0,1,replayed_pf_result
1,6,1,2,1.01008412398202,0,0,1,replayed_pf_result
1,6,1,3,0.996450354273751,0,0,1,replayed_pf_result
1,6,1,4,0.97975611093021,0,0,1,replayed_pf_result
1,6,1,5,0.983970515310321,0,0,1,replayed_pf_result
1,6,1,6,0.988354827910317,0,0,1,replayed_pf_result
1,6,1,7,0.972880694219517,0,0,1,replayed_pf_result
1,6,1,8,0.970104893641862,0,0,1,replayed_pf_result
1,6,1,9,0.998708364118035,0,0,1,replayed_pf_result
1,6,1,10,1.00613764599756,0,0,1,replayed_pf_result
1,6,1,11,0.998836526101542,0,0,1,replayed_pf_result
1,6,1,12,0.98597650509371,0,0,1,replayed_pf_result
1,6,1,13,1.0005556968995,0,0,1,replayed_pf_result
1,6,1,14,0.991570369099524,0,0,1,replayed_pf_result
1,6,1,15,0.987828467762574,0,0,1,replayed_pf_result
1,6,1,16,1.00155829149204,0,0,1,replayed_pf_result
1,6,1,17,1.00188399971642,0,0,1,replayed_pf_result
1,6,1,18,0.998450573436521,0,0,1,replayed_pf_result
1,6,1,19,1.0375611031401,0,0,1,replayed_pf_result
1,6,1,20,0.978533704171099,0,0,1,replayed_pf_result
1,6,1,21,0.99322186325156,0,0,1,replayed_pf_result
1,6,1,22,1.0035618064706,0,0,1,replayed_pf_result
1,6,1,23,0.996317387117245,0,0,1,replayed_pf_result
1,6,1,24,1.00450540358069,0,0,1,replayed_pf_result
1,6,1,25,1.01775160730606,0,0,1,replayed_pf_result
1,6,1,26,1.01868307540865,0,0,1,replayed_pf_result
1,6,1,27,1.00482166979272,0,0,1,replayed_pf_result
1,6,1,28,1.02134734933609,0,0,1,replayed_pf_result
1,6,1,29,1.02221308912814,0,0,1,replayed_pf_result
1,6,1,30,1,0,0,1,replayed_pf_result
1,6,1,31,1,0,0,1,replayed_pf_result
1,6,1,32,1,0,0,1,replayed_pf_result
1,6,1,33,1,0,0,1,replayed_pf_result
1,6,1,34,1,0,0,1,replayed_pf_result
1,6,1,35,1,0,0,1,replayed_pf_result
1,6,1,36,1,0,0,1,replayed_pf_result
1,6,1,37,1,0,0,1,replayed_pf_result
1,6,1,38,1,0,0,1,replayed_pf_result
1,6,1,39,1,0,0,1,replayed_pf_result
1,6,2,1,0.99698657118726,0,0,1,replayed_pf_result
1,6,2,2,1.0207447811562,0,0,1,replayed_pf_result
1,6,2,3,0.958523980866124,0,0,1,replayed_pf_result
1,6,2,4,0.957363944933733,0,0,1,replayed_pf_result
1,6,2,5,0.968524620975131,0,0,1,replayed_pf_result
1,6,2,6,0.974093202061123,0,0,1,replayed_pf_result
1,6,2,7,0.958657686864637,0,0,1,replayed_pf_result
1,6,2,8,0.956039406580139,0,0,1,replayed_pf_result
1,6,2,9,0.992702183146734,0,0,1,replayed_pf_result
1,6,2,10,0.993275805935978,0,0,1,replayed_pf_result
1,6,2,11,0.98540207950121,0,0,1,replayed_pf_result
1,6,2,12,0.97153985843241,0,0,1,replayed_pf_result
1,6,2,13,0.985874155304742,0,0,1,replayed_pf_result
1,6,2,14,0.972513412515968,0,0,1,replayed_pf_result
1,6,2,15,0.966580908543845,0,0,1,replayed_pf_result
1,6,2,16,0.980432104393048,0,0,1,replayed_pf_result
1,6,2,17,0.968214091546166,0,0,1,replayed_pf_result
1,6,2,18,0.961913322954923,0,0,1,replayed_pf_result
1,6,2,19,1.02979281153721,0,0,1,replayed_pf_result
1,6,2,20,0.974292158739667,0,0,1,replayed_pf_result
1,6,2,21,0.978319169624768,0,0,1,replayed_pf_result
1,6,2,22,0.995571575840568,0,0,1,replayed_pf_result
1,6,2,23,0.988041718533426,0,0,1,replayed_pf_result
1,6,2,24,0.98524621721233,0,0,1,replayed_pf_result
1,6,2,25,0.991109673576248,0,0,1,replayed_pf_result
1,6,2,26,0.973359229560763,0,0,1,replayed_pf_result
1,6,2,27,0.958058285685088,0,0,1,replayed_pf_result
1,6,2,28,0.997962684733876,0,0,1,replayed_pf_result
1,6,2,29,1.00618791514158,0,0,1,replayed_pf_result
1,6,2,30,1,0,0,1,replayed_pf_result
1,6,2,31,1,0,0,1,replayed_pf_result
1,6,2,32,1,0,0,1,replayed_pf_result
1,6,2,33,1,0,0,1,replayed_pf_result
1,6,2,34,1,0,0,1,replayed_pf_result
1,6,2,35,1,0,0,1,replayed_pf_result
1,6,2,36,1,0,0,1,replayed_pf_result
1,6,2,37,1,0,0,1,replayed_pf_result
1,6,2,38,1,0,0,1,replayed_pf_result
1,6,2,39,1,0,0,1,replayed_pf_result
1,6,3,1,0.99698657118726,0,0,1,replayed_pf_result
1,6,3,2,1.0484941,0,0,1,replayed_pf_result
1,6,3,3,0.925215972975762,0,0,1,replayed_pf_result
1,6,3,4,0.913178361353013,0,0,1,replayed_pf_result
1,6,3,5,0.918758852447712,0,0,1,replayed_pf_result
1,6,3,6,0.923894426865237,0,0,1,replayed_pf_result
1,6,3,7,0.909953690701251,0,0,1,replayed_pf_result
1,6,3,8,0.908713543098492,0,0,1,replayed_pf_result
1,6,3,9,0.972424001738394,0,0,1,replayed_pf_result
1,6,3,10,0.957838552458309,0,0,1,replayed_pf_result
1,6,3,11,0.945152171484477,0,0,1,replayed_pf_result
1,6,3,12,0.931718820753841,0,0,1,replayed_pf_result
1,6,3,13,0.948781030081548,0,0,1,replayed_pf_result
1,6,3,14,0.934272796169633,0,0,1,replayed_pf_result
1,6,3,15,0.941566213007301,0,0,1,replayed_pf_result
1,6,3,16,0.961441796697549,0,0,1,replayed_pf_result
1,6,3,17,0.944114417603475,0,0,1,replayed_pf_result
1,6,3,18,0.935323060402858,0,0,1,replayed_pf_result
1,6,3,19,1.02280884848291,0,0,1,replayed_pf_result
1,6,3,20,0.970478302947161,0,0,1,replayed_pf_result
1,6,3,21,0.964912956167397,0,0,1,replayed_pf_result
1,6,3,22,0.988381998494278,0,0,1,replayed_pf_result
1,6,3,23,0.980595420246477,0,0,1,replayed_pf_result
1,6,3,24,0.967933498131269,0,0,1,replayed_pf_result
1,6,3,25,1.0576827,0,0,1,replayed_pf_result
1,6,3,26,1.0525613,0,0,1,replayed_pf_result
1,6,3,27,0.927259146279132,0,0,1,replayed_pf_result
1,6,3,28,1.0503737,0,0,1,replayed_pf_result
1,6,3,29,1.0501149,0,0,1,replayed_pf_result
1,6,3,30,1.0499,0,0,1,replayed_pf_result
1,6,3,31,1,0,0,1,replayed_pf_result
1,6,3,32,1,0,0,1,replayed_pf_result
1,6,3,33,1,0,0,1,replayed_pf_result
1,6,3,34,1,0,0,1,replayed_pf_result
1,6,3,35,1,0,0,1,replayed_pf_result
1,6,3,36,1,0,0,1,replayed_pf_result
1,6,3,37,1.0275,0,0,1,replayed_pf_result
1,6,3,38,1.0265,0,0,1,replayed_pf_result
1,6,3,39,1,0,0,1,replayed_pf_result
1,6,4,1,0.998275277890185,0,0,1,replayed_after_load_shedding
1,6,4,2,1.0484941,0,0,1,replayed_after_load_shedding
1,6,4,3,0.925665008846109,0,0,1,replayed_after_load_shedding
1,6,4,4,0.90951709964889,0,0,1,replayed_after_load_shedding
1,6,4,5,0.904900292266951,0,0,1,replayed_after_load_shedding
1,6,4,6,0.908648461645314,0,0,1,replayed_after_load_shedding
1,6,4,7,0.890332918482282,0.00966708151771811,0.565329768535458,1,replayed_after_load_shedding
1,6,4,8,0.885766885486398,0.0142331145136021,0.834257065777697,1,replayed_after_load_shedding
1,6,4,9,0.929728608761259,0,0,1,replayed_after_load_shedding
1,6,4,10,0.951665208823484,0,0,1,replayed_after_load_shedding
1,6,4,11,0.936051349612146,0,0,1,replayed_after_load_shedding
1,6,4,12,0.926920656102412,0,0,1,replayed_after_load_shedding
1,6,4,13,0.944276482588204,0,0,1,replayed_after_load_shedding
1,6,4,14,0.932447887974939,0,0,1,replayed_after_load_shedding
1,6,4,15,0.944101003794455,0,0,1,replayed_after_load_shedding
1,6,4,16,0.963383370248527,0,0,1,replayed_after_load_shedding
1,6,4,17,0.946460338592662,0,0,1,replayed_after_load_shedding
1,6,4,18,0.937093481774224,0,0,1,replayed_after_load_shedding
1,6,4,19,1.02391592372496,0,0,1,replayed_after_load_shedding
1,6,4,20,0.972303725610761,0,0,1,replayed_after_load_shedding
1,6,4,21,0.967360676831472,0,0,1,replayed_after_load_shedding
1,6,4,22,0.98975827187741,0,0,1,replayed_after_load_shedding
1,6,4,23,0.98219378892498,0,0,1,replayed_after_load_shedding
1,6,4,24,0.96931991416897,0,0,1,replayed_after_load_shedding
1,6,4,25,1.0576827,0,0,1,replayed_after_load_shedding
1,6,4,26,1.0525613,0,0,1,replayed_after_load_shedding
1,6,4,27,0.931779622944176,0,0,1,replayed_after_load_shedding
1,6,4,28,1.0503737,0,0,1,replayed_after_load_shedding
1,6,4,29,1.0501149,0,0,1,replayed_after_load_shedding
1,6,4,30,1.0499,0,0,1,replayed_after_load_shedding
1,6,4,31,0.982,0,0,1,replayed_after_load_shedding
1,6,4,32,1,0,0,1,replayed_after_load_shedding
1,6,4,33,1,0,0,1,replayed_after_load_shedding
1,6,4,34,1,0,0,1,replayed_after_load_shedding
1,6,4,35,1,0,0,1,replayed_after_load_shedding
1,6,4,36,1,0,0,1,replayed_after_load_shedding
1,6,4,37,1.0275,0,0,1,replayed_after_load_shedding
1,6,4,38,1.0265,0,0,1,replayed_after_load_shedding
1,6,4,39,0.999999999999999,0,0,1,replayed_after_load_shedding
1,7,1,1,0.99698657118726,0,0,1,replayed_pf_result
1,7,1,2,1.01008412398202,0,0,1,replayed_pf_result
1,7,1,3,0.996450354273751,0,0,1,replayed_pf_result
1,7,1,4,0.97975611093021,0,0,1,replayed_pf_result
1,7,1,5,0.983970515310321,0,0,1,replayed_pf_result
1,7,1,6,0.988354827910317,0,0,1,replayed_pf_result
1,7,1,7,0.972880694219517,0,0,1,replayed_pf_result
1,7,1,8,0.970104893641862,0,0,1,replayed_pf_result
1,7,1,9,0.998708364118035,0,0,1,replayed_pf_result
1,7,1,10,1.00613764599756,0,0,1,replayed_pf_result
1,7,1,11,0.998836526101542,0,0,1,replayed_pf_result
1,7,1,12,0.98597650509371,0,0,1,replayed_pf_result
1,7,1,13,1.0005556968995,0,0,1,replayed_pf_result
1,7,1,14,0.991570369099524,0,0,1,replayed_pf_result
1,7,1,15,0.987828467762574,0,0,1,replayed_pf_result
1,7,1,16,1.00155829149204,0,0,1,replayed_pf_result
1,7,1,17,1.00188399971642,0,0,1,replayed_pf_result
1,7,1,18,0.998450573436521,0,0,1,replayed_pf_result
1,7,1,19,1.0375611031401,0,0,1,replayed_pf_result
1,7,1,20,0.978533704171099,0,0,1,replayed_pf_result
1,7,1,21,0.99322186325156,0,0,1,replayed_pf_result
1,7,1,22,1.0035618064706,0,0,1,replayed_pf_result
1,7,1,23,0.996317387117245,0,0,1,replayed_pf_result
1,7,1,24,1.00450540358069,0,0,1,replayed_pf_result
1,7,1,25,1.01775160730606,0,0,1,replayed_pf_result
1,7,1,26,1.01868307540865,0,0,1,replayed_pf_result
1,7,1,27,1.00482166979272,0,0,1,replayed_pf_result
1,7,1,28,1.02134734933609,0,0,1,replayed_pf_result
1,7,1,29,1.02221308912814,0,0,1,replayed_pf_result
1,7,1,30,1,0,0,1,replayed_pf_result
1,7,1,31,1,0,0,1,replayed_pf_result
1,7,1,32,1,0,0,1,replayed_pf_result
1,7,1,33,1,0,0,1,replayed_pf_result
1,7,1,34,1,0,0,1,replayed_pf_result
1,7,1,35,1,0,0,1,replayed_pf_result
1,7,1,36,1,0,0,1,replayed_pf_result
1,7,1,37,1,0,0,1,replayed_pf_result
1,7,1,38,1,0,0,1,replayed_pf_result
1,7,1,39,1,0,0,1,replayed_pf_result
1,7,2,1,0.99698657118726,0,0,1,replayed_pf_result
1,7,2,2,1.0207447811562,0,0,1,replayed_pf_result
1,7,2,3,0.958523980866124,0,0,1,replayed_pf_result
1,7,2,4,0.957363944933733,0,0,1,replayed_pf_result
1,7,2,5,0.968524620975131,0,0,1,replayed_pf_result
1,7,2,6,0.974093202061123,0,0,1,replayed_pf_result
1,7,2,7,0.958657686864637,0,0,1,replayed_pf_result
1,7,2,8,0.956039406580139,0,0,1,replayed_pf_result
1,7,2,9,0.992702183146734,0,0,1,replayed_pf_result
1,7,2,10,0.993275805935978,0,0,1,replayed_pf_result
1,7,2,11,0.98540207950121,0,0,1,replayed_pf_result
1,7,2,12,0.97153985843241,0,0,1,replayed_pf_result
1,7,2,13,0.985874155304742,0,0,1,replayed_pf_result
1,7,2,14,0.972513412515968,0,0,1,replayed_pf_result
1,7,2,15,0.966580908543845,0,0,1,replayed_pf_result
1,7,2,16,0.980432104393048,0,0,1,replayed_pf_result
1,7,2,17,0.968214091546166,0,0,1,replayed_pf_result
1,7,2,18,0.961913322954923,0,0,1,replayed_pf_result
1,7,2,19,1.02979281153721,0,0,1,replayed_pf_result
1,7,2,20,0.974292158739667,0,0,1,replayed_pf_result
1,7,2,21,0.978319169624768,0,0,1,replayed_pf_result
1,7,2,22,0.995571575840568,0,0,1,replayed_pf_result
1,7,2,23,0.988041718533426,0,0,1,replayed_pf_result
1,7,2,24,0.98524621721233,0,0,1,replayed_pf_result
1,7,2,25,0.991109673576248,0,0,1,replayed_pf_result
1,7,2,26,0.973359229560763,0,0,1,replayed_pf_result
1,7,2,27,0.958058285685088,0,0,1,replayed_pf_result
1,7,2,28,0.997962684733876,0,0,1,replayed_pf_result
1,7,2,29,1.00618791514158,0,0,1,replayed_pf_result
1,7,2,30,1,0,0,1,replayed_pf_result
1,7,2,31,1,0,0,1,replayed_pf_result
1,7,2,32,1,0,0,1,replayed_pf_result
1,7,2,33,1,0,0,1,replayed_pf_result
1,7,2,34,1,0,0,1,replayed_pf_result
1,7,2,35,1,0,0,1,replayed_pf_result
1,7,2,36,1,0,0,1,replayed_pf_result
1,7,2,37,1,0,0,1,replayed_pf_result
1,7,2,38,1,0,0,1,replayed_pf_result
1,7,2,39,1,0,0,1,replayed_pf_result
1,7,3,1,0.99698657118726,0,0,1,replayed_pf_result
1,7,3,2,1.0484941,0,0,1,replayed_pf_result
1,7,3,3,0.925215972975762,0,0,1,replayed_pf_result
1,7,3,4,0.913178361353013,0,0,1,replayed_pf_result
1,7,3,5,0.918758852447712,0,0,1,replayed_pf_result
1,7,3,6,0.923894426865237,0,0,1,replayed_pf_result
1,7,3,7,0.909953690701251,0,0,1,replayed_pf_result
1,7,3,8,0.908713543098492,0,0,1,replayed_pf_result
1,7,3,9,0.972424001738394,0,0,1,replayed_pf_result
1,7,3,10,0.957838552458309,0,0,1,replayed_pf_result
1,7,3,11,0.945152171484477,0,0,1,replayed_pf_result
1,7,3,12,0.931718820753841,0,0,1,replayed_pf_result
1,7,3,13,0.948781030081548,0,0,1,replayed_pf_result
1,7,3,14,0.934272796169633,0,0,1,replayed_pf_result
1,7,3,15,0.941566213007301,0,0,1,replayed_pf_result
1,7,3,16,0.961441796697549,0,0,1,replayed_pf_result
1,7,3,17,0.944114417603475,0,0,1,replayed_pf_result
1,7,3,18,0.935323060402858,0,0,1,replayed_pf_result
1,7,3,19,1.02280884848291,0,0,1,replayed_pf_result
1,7,3,20,0.970478302947161,0,0,1,replayed_pf_result
1,7,3,21,0.964912956167397,0,0,1,replayed_pf_result
1,7,3,22,0.988381998494278,0,0,1,replayed_pf_result
1,7,3,23,0.980595420246477,0,0,1,replayed_pf_result
1,7,3,24,0.967933498131269,0,0,1,replayed_pf_result
1,7,3,25,1.0576827,0,0,1,replayed_pf_result
1,7,3,26,1.0525613,0,0,1,replayed_pf_result
1,7,3,27,0.927259146279132,0,0,1,replayed_pf_result
1,7,3,28,1.0503737,0,0,1,replayed_pf_result
1,7,3,29,1.0501149,0,0,1,replayed_pf_result
1,7,3,30,1.0499,0,0,1,replayed_pf_result
1,7,3,31,1,0,0,1,replayed_pf_result
1,7,3,32,1,0,0,1,replayed_pf_result
1,7,3,33,1,0,0,1,replayed_pf_result
1,7,3,34,1,0,0,1,replayed_pf_result
1,7,3,35,1,0,0,1,replayed_pf_result
1,7,3,36,1,0,0,1,replayed_pf_result
1,7,3,37,1.0275,0,0,1,replayed_pf_result
1,7,3,38,1.0265,0,0,1,replayed_pf_result
1,7,3,39,1,0,0,1,replayed_pf_result
1,7,4,1,0.996986571187259,0,0,1,replayed_pf_result
1,7,4,2,1.0484941,0,0,1,replayed_pf_result
1,7,4,3,0.881320845909773,0.0186791540902267,1.09729966845897,1,replayed_pf_result
1,7,4,4,0.857353838742685,0.0426461612573148,2.53558955234387,1,replayed_pf_result
1,7,4,5,0.852562666320219,0.0474373336797808,2.82727126464611,1,replayed_pf_result
1,7,4,6,0.881506239077149,0.0184937609228513,1.08630780503502,1,replayed_pf_result
1,7,4,7,0.850849486028809,0.0491505139711914,2.93190759734132,1,replayed_pf_result
1,7,4,8,0.848217021868205,0.0517829781317954,3.09304101725124,1,replayed_pf_result
1,7,4,9,0.946319048311163,0,0,1,replayed_pf_result
1,7,4,10,0.918356071122117,0,0,1,replayed_pf_result
1,7,4,11,0.904133494891641,0,0,1,replayed_pf_result
1,7,4,12,0.887265914722824,0.012734085277176,0.745832772052646,1,replayed_pf_result
1,7,4,13,0.904264366624976,0,0,1,replayed_pf_result
1,7,4,14,0.883903917757614,0.0160960822423859,0.944334145335764,1,replayed_pf_result
1,7,4,15,0.907894664143098,0,0,1,replayed_pf_result
1,7,4,16,0.936479437449636,0,0,1,replayed_pf_result
1,7,4,17,0.912769045112931,0,0,1,replayed_pf_result
1,7,4,18,0.899001313032507,0.000998686967493057,0.0581502873874432,1,replayed_pf_result
1,7,4,19,1.01362698890861,0,0,1,replayed_pf_result
1,7,4,20,0.965463381809834,0,0,1,replayed_pf_result
1,7,4,21,0.947275177263676,0,0,1,replayed_pf_result
1,7,4,22,0.978920509977731,0,0,1,replayed_pf_result
1,7,4,23,0.970796269824555,0,0,1,replayed_pf_result
1,7,4,24,0.945175213484501,0,0,1,replayed_pf_result
1,7,4,25,1.0576827,0,0,1,replayed_pf_result
1,7,4,26,1.0525613,0,0,1,replayed_pf_result
1,7,4,27,0.895020153167842,0.00497984683215791,0.290538303716656,1,replayed_pf_result
1,7,4,28,1.0503737,0,0,1,replayed_pf_result
1,7,4,29,1.0501149,0,0,1,replayed_pf_result
1,7,4,30,1.0499,0,0,1,replayed_pf_result
1,7,4,31,1,0,0,1,replayed_pf_result
1,7,4,32,1,0,0,1,replayed_pf_result
1,7,4,33,1,0,0,1,replayed_pf_result
1,7,4,34,1,0,0,1,replayed_pf_result
1,7,4,35,1,0,0,1,replayed_pf_result
1,7,4,36,1,0,0,1,replayed_pf_result
1,7,4,37,1.0275,0,0,1,replayed_pf_result
1,7,4,38,1.0265,0,0,1,replayed_pf_result
1,7,4,39,1,0,0,1,replayed_pf_result
1,7,5,1,1.00019081504152,0,0,1,replayed_after_load_shedding
1,7,5,2,1.0484941,0,0,1,replayed_after_load_shedding
1,7,5,3,0.855053756190297,0.0449462438097029,2.67544183881592,1,replayed_after_load_shedding
1,7,5,4,0.804079338520533,0.0959206614794673,5.85886047302198,1,replayed_after_load_shedding
1,7,5,5,0.798824069493288,0.101175930506712,6.19638088069317,1,replayed_after_load_shedding
1,7,5,6,1.0082256,0,0,1,replayed_after_load_shedding
1,7,5,7,0.99839728,0,0,1,replayed_after_load_shedding
1,7,5,8,0.795678119364067,0.104321880635934,6.3992803439985,1,replayed_after_load_shedding
1,7,5,9,0.907235123894137,0,0,1,replayed_after_load_shedding
1,7,5,10,1.0178431,0,0,1,replayed_after_load_shedding
1,7,5,11,1.0133858,0,0,1,replayed_after_load_shedding
1,7,5,12,1.000815,0,0,1,replayed_after_load_shedding
1,7,5,13,1.014923,0,0,1,replayed_after_load_shedding
1,7,5,14,0.941573897754044,0,0,1,replayed_after_load_shedding
1,7,5,15,0.93783486493477,0,0,1,replayed_after_load_shedding
1,7,5,16,0.94794018100974,0,0,1,replayed_after_load_shedding
1,7,5,17,0.914132852663461,0,0,1,replayed_after_load_shedding
1,7,5,18,0.88947790871771,0.0105220912822899,0.615594192945146,1,replayed_after_load_shedding
1,7,5,19,1.01855032246255,0,0,1,replayed_after_load_shedding
1,7,5,20,0.971106875333347,0,0,1,replayed_after_load_shedding
1,7,5,21,0.958031911721673,0,0,1,replayed_after_load_shedding
1,7,5,22,0.984839829899533,0,0,1,replayed_after_load_shedding
1,7,5,23,0.977356001091717,0,0,1,replayed_after_load_shedding
1,7,5,24,0.954617317618522,0,0,1,replayed_after_load_shedding
1,7,5,25,1.0576827,0,0,1,replayed_after_load_shedding
1,7,5,26,1.0525613,0,0,1,replayed_after_load_shedding
1,7,5,27,0.901875154843865,0,0,1,replayed_after_load_shedding
1,7,5,28,1.0503737,0,0,1,replayed_after_load_shedding
1,7,5,29,1.0501149,0,0,1,replayed_after_load_shedding
1,7,5,30,1.0499,0,0,1,replayed_after_load_shedding
1,7,5,31,0.982,0,0,1,replayed_after_load_shedding
1,7,5,32,0.9841,0,0,1,replayed_after_load_shedding
1,7,5,33,1,0,0,1,replayed_after_load_shedding
1,7,5,34,1,0,0,1,replayed_after_load_shedding
1,7,5,35,1,0,0,1,replayed_after_load_shedding
1,7,5,36,1,0,0,1,replayed_after_load_shedding
1,7,5,37,1.0275,0,0,1,replayed_after_load_shedding
1,7,5,38,1.0265,0,0,1,replayed_after_load_shedding
1,7,5,39,0.999999999999999,0,0,1,replayed_after_load_shedding
1,8,1,1,0.99698657118726,0,0,1,replayed_pf_result
1,8,1,2,1.01008412398202,0,0,1,replayed_pf_result
1,8,1,3,0.996450354273751,0,0,1,replayed_pf_result
1,8,1,4,0.97975611093021,0,0,1,replayed_pf_result
1,8,1,5,0.983970515310321,0,0,1,replayed_pf_result
1,8,1,6,0.988354827910317,0,0,1,replayed_pf_result
1,8,1,7,0.972880694219517,0,0,1,replayed_pf_result
1,8,1,8,0.970104893641862,0,0,1,replayed_pf_result
1,8,1,9,0.998708364118035,0,0,1,replayed_pf_result
1,8,1,10,1.00613764599756,0,0,1,replayed_pf_result
1,8,1,11,0.998836526101542,0,0,1,replayed_pf_result
1,8,1,12,0.98597650509371,0,0,1,replayed_pf_result
1,8,1,13,1.0005556968995,0,0,1,replayed_pf_result
1,8,1,14,0.991570369099524,0,0,1,replayed_pf_result
1,8,1,15,0.987828467762574,0,0,1,replayed_pf_result
1,8,1,16,1.00155829149204,0,0,1,replayed_pf_result
1,8,1,17,1.00188399971642,0,0,1,replayed_pf_result
1,8,1,18,0.998450573436521,0,0,1,replayed_pf_result
1,8,1,19,1.0375611031401,0,0,1,replayed_pf_result
1,8,1,20,0.978533704171099,0,0,1,replayed_pf_result
1,8,1,21,0.99322186325156,0,0,1,replayed_pf_result
1,8,1,22,1.0035618064706,0,0,1,replayed_pf_result
1,8,1,23,0.996317387117245,0,0,1,replayed_pf_result
1,8,1,24,1.00450540358069,0,0,1,replayed_pf_result
1,8,1,25,1.01775160730606,0,0,1,replayed_pf_result
1,8,1,26,1.01868307540865,0,0,1,replayed_pf_result
1,8,1,27,1.00482166979272,0,0,1,replayed_pf_result
1,8,1,28,1.02134734933609,0,0,1,replayed_pf_result
1,8,1,29,1.02221308912814,0,0,1,replayed_pf_result
1,8,1,30,1,0,0,1,replayed_pf_result
1,8,1,31,1,0,0,1,replayed_pf_result
1,8,1,32,1,0,0,1,replayed_pf_result
1,8,1,33,1,0,0,1,replayed_pf_result
1,8,1,34,1,0,0,1,replayed_pf_result
1,8,1,35,1,0,0,1,replayed_pf_result
1,8,1,36,1,0,0,1,replayed_pf_result
1,8,1,37,1,0,0,1,replayed_pf_result
1,8,1,38,1,0,0,1,replayed_pf_result
1,8,1,39,1,0,0,1,replayed_pf_result
1,8,2,1,0.99698657118726,0,0,1,replayed_pf_result
1,8,2,2,1.0207447811562,0,0,1,replayed_pf_result
1,8,2,3,0.958523980866124,0,0,1,replayed_pf_result
1,8,2,4,0.957363944933733,0,0,1,replayed_pf_result
1,8,2,5,0.968524620975131,0,0,1,replayed_pf_result
1,8,2,6,0.974093202061123,0,0,1,replayed_pf_result
1,8,2,7,0.958657686864637,0,0,1,replayed_pf_result
1,8,2,8,0.956039406580139,0,0,1,replayed_pf_result
1,8,2,9,0.992702183146734,0,0,1,replayed_pf_result
1,8,2,10,0.993275805935978,0,0,1,replayed_pf_result
1,8,2,11,0.98540207950121,0,0,1,replayed_pf_result
1,8,2,12,0.97153985843241,0,0,1,replayed_pf_result
1,8,2,13,0.985874155304742,0,0,1,replayed_pf_result
1,8,2,14,0.972513412515968,0,0,1,replayed_pf_result
1,8,2,15,0.966580908543845,0,0,1,replayed_pf_result
1,8,2,16,0.980432104393048,0,0,1,replayed_pf_result
1,8,2,17,0.968214091546166,0,0,1,replayed_pf_result
1,8,2,18,0.961913322954923,0,0,1,replayed_pf_result
1,8,2,19,1.02979281153721,0,0,1,replayed_pf_result
1,8,2,20,0.974292158739667,0,0,1,replayed_pf_result
1,8,2,21,0.978319169624768,0,0,1,replayed_pf_result
1,8,2,22,0.995571575840568,0,0,1,replayed_pf_result
1,8,2,23,0.988041718533426,0,0,1,replayed_pf_result
1,8,2,24,0.98524621721233,0,0,1,replayed_pf_result
1,8,2,25,0.991109673576248,0,0,1,replayed_pf_result
1,8,2,26,0.973359229560763,0,0,1,replayed_pf_result
1,8,2,27,0.958058285685088,0,0,1,replayed_pf_result
1,8,2,28,0.997962684733876,0,0,1,replayed_pf_result
1,8,2,29,1.00618791514158,0,0,1,replayed_pf_result
1,8,2,30,1,0,0,1,replayed_pf_result
1,8,2,31,1,0,0,1,replayed_pf_result
1,8,2,32,1,0,0,1,replayed_pf_result
1,8,2,33,1,0,0,1,replayed_pf_result
1,8,2,34,1,0,0,1,replayed_pf_result
1,8,2,35,1,0,0,1,replayed_pf_result
1,8,2,36,1,0,0,1,replayed_pf_result
1,8,2,37,1,0,0,1,replayed_pf_result
1,8,2,38,1,0,0,1,replayed_pf_result
1,8,2,39,1,0,0,1,replayed_pf_result
1,8,3,1,0.99698657118726,0,0,1,replayed_pf_result
1,8,3,2,1.0484941,0,0,1,replayed_pf_result
1,8,3,3,0.925215972975762,0,0,1,replayed_pf_result
1,8,3,4,0.913178361353013,0,0,1,replayed_pf_result
1,8,3,5,0.918758852447712,0,0,1,replayed_pf_result
1,8,3,6,0.923894426865237,0,0,1,replayed_pf_result
1,8,3,7,0.909953690701251,0,0,1,replayed_pf_result
1,8,3,8,0.908713543098492,0,0,1,replayed_pf_result
1,8,3,9,0.972424001738394,0,0,1,replayed_pf_result
1,8,3,10,0.957838552458309,0,0,1,replayed_pf_result
1,8,3,11,0.945152171484477,0,0,1,replayed_pf_result
1,8,3,12,0.931718820753841,0,0,1,replayed_pf_result
1,8,3,13,0.948781030081548,0,0,1,replayed_pf_result
1,8,3,14,0.934272796169633,0,0,1,replayed_pf_result
1,8,3,15,0.941566213007301,0,0,1,replayed_pf_result
1,8,3,16,0.961441796697549,0,0,1,replayed_pf_result
1,8,3,17,0.944114417603475,0,0,1,replayed_pf_result
1,8,3,18,0.935323060402858,0,0,1,replayed_pf_result
1,8,3,19,1.02280884848291,0,0,1,replayed_pf_result
1,8,3,20,0.970478302947161,0,0,1,replayed_pf_result
1,8,3,21,0.964912956167397,0,0,1,replayed_pf_result
1,8,3,22,0.988381998494278,0,0,1,replayed_pf_result
1,8,3,23,0.980595420246477,0,0,1,replayed_pf_result
1,8,3,24,0.967933498131269,0,0,1,replayed_pf_result
1,8,3,25,1.0576827,0,0,1,replayed_pf_result
1,8,3,26,1.0525613,0,0,1,replayed_pf_result
1,8,3,27,0.927259146279132,0,0,1,replayed_pf_result
1,8,3,28,1.0503737,0,0,1,replayed_pf_result
1,8,3,29,1.0501149,0,0,1,replayed_pf_result
1,8,3,30,1.0499,0,0,1,replayed_pf_result
1,8,3,31,1,0,0,1,replayed_pf_result
1,8,3,32,1,0,0,1,replayed_pf_result
1,8,3,33,1,0,0,1,replayed_pf_result
1,8,3,34,1,0,0,1,replayed_pf_result
1,8,3,35,1,0,0,1,replayed_pf_result
1,8,3,36,1,0,0,1,replayed_pf_result
1,8,3,37,1.0275,0,0,1,replayed_pf_result
1,8,3,38,1.0265,0,0,1,replayed_pf_result
1,8,3,39,1,0,0,1,replayed_pf_result
1,9,1,1,0.99698657118726,0,0,1,replayed_pf_result
1,9,1,2,1.01008412398202,0,0,1,replayed_pf_result
1,9,1,3,0.996450354273751,0,0,1,replayed_pf_result
1,9,1,4,0.97975611093021,0,0,1,replayed_pf_result
1,9,1,5,0.983970515310321,0,0,1,replayed_pf_result
1,9,1,6,0.988354827910317,0,0,1,replayed_pf_result
1,9,1,7,0.972880694219517,0,0,1,replayed_pf_result
1,9,1,8,0.970104893641862,0,0,1,replayed_pf_result
1,9,1,9,0.998708364118035,0,0,1,replayed_pf_result
1,9,1,10,1.00613764599756,0,0,1,replayed_pf_result
1,9,1,11,0.998836526101542,0,0,1,replayed_pf_result
1,9,1,12,0.98597650509371,0,0,1,replayed_pf_result
1,9,1,13,1.0005556968995,0,0,1,replayed_pf_result
1,9,1,14,0.991570369099524,0,0,1,replayed_pf_result
1,9,1,15,0.987828467762574,0,0,1,replayed_pf_result
1,9,1,16,1.00155829149204,0,0,1,replayed_pf_result
1,9,1,17,1.00188399971642,0,0,1,replayed_pf_result
1,9,1,18,0.998450573436521,0,0,1,replayed_pf_result
1,9,1,19,1.0375611031401,0,0,1,replayed_pf_result
1,9,1,20,0.978533704171099,0,0,1,replayed_pf_result
1,9,1,21,0.99322186325156,0,0,1,replayed_pf_result
1,9,1,22,1.0035618064706,0,0,1,replayed_pf_result
1,9,1,23,0.996317387117245,0,0,1,replayed_pf_result
1,9,1,24,1.00450540358069,0,0,1,replayed_pf_result
1,9,1,25,1.01775160730606,0,0,1,replayed_pf_result
1,9,1,26,1.01868307540865,0,0,1,replayed_pf_result
1,9,1,27,1.00482166979272,0,0,1,replayed_pf_result
1,9,1,28,1.02134734933609,0,0,1,replayed_pf_result
1,9,1,29,1.02221308912814,0,0,1,replayed_pf_result
1,9,1,30,1,0,0,1,replayed_pf_result
1,9,1,31,1,0,0,1,replayed_pf_result
1,9,1,32,1,0,0,1,replayed_pf_result
1,9,1,33,1,0,0,1,replayed_pf_result
1,9,1,34,1,0,0,1,replayed_pf_result
1,9,1,35,1,0,0,1,replayed_pf_result
1,9,1,36,1,0,0,1,replayed_pf_result
1,9,1,37,1,0,0,1,replayed_pf_result
1,9,1,38,1,0,0,1,replayed_pf_result
1,9,1,39,1,0,0,1,replayed_pf_result
1,9,2,1,0.99698657118726,0,0,1,replayed_pf_result
1,9,2,2,1.0207447811562,0,0,1,replayed_pf_result
1,9,2,3,0.958523980866124,0,0,1,replayed_pf_result
1,9,2,4,0.957363944933733,0,0,1,replayed_pf_result
1,9,2,5,0.968524620975131,0,0,1,replayed_pf_result
1,9,2,6,0.974093202061123,0,0,1,replayed_pf_result
1,9,2,7,0.958657686864637,0,0,1,replayed_pf_result
1,9,2,8,0.956039406580139,0,0,1,replayed_pf_result
1,9,2,9,0.992702183146734,0,0,1,replayed_pf_result
1,9,2,10,0.993275805935978,0,0,1,replayed_pf_result
1,9,2,11,0.98540207950121,0,0,1,replayed_pf_result
1,9,2,12,0.97153985843241,0,0,1,replayed_pf_result
1,9,2,13,0.985874155304742,0,0,1,replayed_pf_result
1,9,2,14,0.972513412515968,0,0,1,replayed_pf_result
1,9,2,15,0.966580908543845,0,0,1,replayed_pf_result
1,9,2,16,0.980432104393048,0,0,1,replayed_pf_result
1,9,2,17,0.968214091546166,0,0,1,replayed_pf_result
1,9,2,18,0.961913322954923,0,0,1,replayed_pf_result
1,9,2,19,1.02979281153721,0,0,1,replayed_pf_result
1,9,2,20,0.974292158739667,0,0,1,replayed_pf_result
1,9,2,21,0.978319169624768,0,0,1,replayed_pf_result
1,9,2,22,0.995571575840568,0,0,1,replayed_pf_result
1,9,2,23,0.988041718533426,0,0,1,replayed_pf_result
1,9,2,24,0.98524621721233,0,0,1,replayed_pf_result
1,9,2,25,0.991109673576248,0,0,1,replayed_pf_result
1,9,2,26,0.973359229560763,0,0,1,replayed_pf_result
1,9,2,27,0.958058285685088,0,0,1,replayed_pf_result
1,9,2,28,0.997962684733876,0,0,1,replayed_pf_result
1,9,2,29,1.00618791514158,0,0,1,replayed_pf_result
1,9,2,30,1,0,0,1,replayed_pf_result
1,9,2,31,1,0,0,1,replayed_pf_result
1,9,2,32,1,0,0,1,replayed_pf_result
1,9,2,33,1,0,0,1,replayed_pf_result
1,9,2,34,1,0,0,1,replayed_pf_result
1,9,2,35,1,0,0,1,replayed_pf_result
1,9,2,36,1,0,0,1,replayed_pf_result
1,9,2,37,1,0,0,1,replayed_pf_result
1,9,2,38,1,0,0,1,replayed_pf_result
1,9,2,39,1,0,0,1,replayed_pf_result
1,9,3,1,0.99698657118726,0,0,1,replayed_pf_result
1,9,3,2,1.0484941,0,0,1,replayed_pf_result
1,9,3,3,0.925215972975762,0,0,1,replayed_pf_result
1,9,3,4,0.913178361353013,0,0,1,replayed_pf_result
1,9,3,5,0.918758852447712,0,0,1,replayed_pf_result
1,9,3,6,0.923894426865237,0,0,1,replayed_pf_result
1,9,3,7,0.909953690701251,0,0,1,replayed_pf_result
1,9,3,8,0.908713543098492,0,0,1,replayed_pf_result
1,9,3,9,0.972424001738394,0,0,1,replayed_pf_result
1,9,3,10,0.957838552458309,0,0,1,replayed_pf_result
1,9,3,11,0.945152171484477,0,0,1,replayed_pf_result
1,9,3,12,0.931718820753841,0,0,1,replayed_pf_result
1,9,3,13,0.948781030081548,0,0,1,replayed_pf_result
1,9,3,14,0.934272796169633,0,0,1,replayed_pf_result
1,9,3,15,0.941566213007301,0,0,1,replayed_pf_result
1,9,3,16,0.961441796697549,0,0,1,replayed_pf_result
1,9,3,17,0.944114417603475,0,0,1,replayed_pf_result
1,9,3,18,0.935323060402858,0,0,1,replayed_pf_result
1,9,3,19,1.02280884848291,0,0,1,replayed_pf_result
1,9,3,20,0.970478302947161,0,0,1,replayed_pf_result
1,9,3,21,0.964912956167397,0,0,1,replayed_pf_result
1,9,3,22,0.988381998494278,0,0,1,replayed_pf_result
1,9,3,23,0.980595420246477,0,0,1,replayed_pf_result
1,9,3,24,0.967933498131269,0,0,1,replayed_pf_result
1,9,3,25,1.0576827,0,0,1,replayed_pf_result
1,9,3,26,1.0525613,0,0,1,replayed_pf_result
1,9,3,27,0.927259146279132,0,0,1,replayed_pf_result
1,9,3,28,1.0503737,0,0,1,replayed_pf_result
1,9,3,29,1.0501149,0,0,1,replayed_pf_result
1,9,3,30,1.0499,0,0,1,replayed_pf_result
1,9,3,31,1,0,0,1,replayed_pf_result
1,9,3,32,1,0,0,1,replayed_pf_result
1,9,3,33,1,0,0,1,replayed_pf_result
1,9,3,34,1,0,0,1,replayed_pf_result
1,9,3,35,1,0,0,1,replayed_pf_result
1,9,3,36,1,0,0,1,replayed_pf_result
1,9,3,37,1.0275,0,0,1,replayed_pf_result
1,9,3,38,1.0265,0,0,1,replayed_pf_result
1,9,3,39,1,0,0,1,replayed_pf_result
1,9,4,1,0.99698657118726,0,0,1,replayed_pf_result
1,9,4,2,1.0484941,0,0,1,replayed_pf_result
1,9,4,3,0.892475199480728,0.00752480051927207,0.439577655522693,1,replayed_pf_result
1,9,4,4,0.873376128899617,0.0266238711003833,1.57025769921557,1,replayed_pf_result
1,9,4,5,0.889403484332704,0.0105965156672961,0.619971496901095,1,replayed_pf_result
1,9,4,6,0.898016666321652,0.00198333367834791,0.115539939527319,1,replayed_pf_result
1,9,4,7,0.883350648879874,0.0166493511201258,0.977064629520817,1,replayed_pf_result
1,9,4,8,0.882210590293041,0.0177894097069589,1.04456576495532,1,replayed_pf_result
1,9,4,9,0.961015606479432,0,0,1,replayed_pf_result
1,9,4,10,0.951966762957436,0,0,1,replayed_pf_result
1,9,4,11,0.929329118446243,0,0,1,replayed_pf_result
1,9,4,12,0.886411005767921,0.0135889942320792,0.796245647131837,1,replayed_pf_result
1,9,4,13,0.887735186930388,0.0122648130696121,0.718178713211007,1,replayed_pf_result
1,9,4,14,0.888892574986971,0.011107425013029,0.650029657830615,1,replayed_pf_result
1,9,4,15,0.913947681172967,0,0,1,replayed_pf_result
1,9,4,16,0.942008799899381,0,0,1,replayed_pf_result
1,9,4,17,0.920507414901113,0,0,1,replayed_pf_result
1,9,4,18,0.908149137665878,0,0,1,replayed_pf_result
1,9,4,19,1.0156610040189,0,0,1,replayed_pf_result
1,9,4,20,0.966574395544026,0,0,1,replayed_pf_result
1,9,4,21,0.95118366921678,0,0,1,replayed_pf_result
1,9,4,22,0.981017414709923,0,0,1,replayed_pf_result
1,9,4,23,0.972967990026109,0,0,1,replayed_pf_result
1,9,4,24,0.950216470109577,0,0,1,replayed_pf_result
1,9,4,25,1.0576827,0,0,1,replayed_pf_result
1,9,4,26,1.0525613,0,0,1,replayed_pf_result
1,9,4,27,0.902985653281124,0,0,1,replayed_pf_result
1,9,4,28,1.0503737,0,0,1,replayed_pf_result
1,9,4,29,1.0501149,0,0,1,replayed_pf_result
1,9,4,30,1.0499,0,0,1,replayed_pf_result
1,9,4,31,1,0,0,1,replayed_pf_result
1,9,4,32,1,0,0,1,replayed_pf_result
1,9,4,33,1,0,0,1,replayed_pf_result
1,9,4,34,1,0,0,1,replayed_pf_result
1,9,4,35,1,0,0,1,replayed_pf_result
1,9,4,36,1,0,0,1,replayed_pf_result
1,9,4,37,1.0275,0,0,1,replayed_pf_result
1,9,4,38,1.0265,0,0,1,replayed_pf_result
1,9,4,39,1,0,0,1,replayed_pf_result
1,9,5,1,1.0008247033692,0,0,1,replayed_after_load_shedding
1,9,5,2,1.0484941,0,0,1,replayed_after_load_shedding
1,9,5,3,0.888597730389373,0.0114022696106267,0.667383142523208,1,replayed_after_load_shedding
1,9,5,4,0.863105476592741,0.0368945234072586,2.18727647954228,1,replayed_after_load_shedding
1,9,5,5,0.761874361820045,0.138125638179955,8.6202266962534,1,replayed_after_load_shedding
1,9,5,6,0.76370443179382,0.13629556820618,8.49805709210083,1,replayed_after_load_shedding
1,9,5,7,0.759018899024578,0.140981100975422,8.81129538123718,1,replayed_after_load_shedding
1,9,5,8,0.761244628276477,0.138755371723523,8.66231741912529,1,replayed_after_load_shedding
1,9,5,9,0.893161897777245,0.00683810222275527,0.399325379140079,1,replayed_after_load_shedding
1,9,5,10,1.0178431,0,0,1,replayed_after_load_shedding
1,9,5,11,0.767102120765202,0.132897879234798,8.27183029516981,1,replayed_after_load_shedding
1,9,5,12,0.795612628720832,0.104387371279168,6.40351097840449,1,replayed_after_load_shedding
1,9,5,13,0.855204287228931,0.0447957127710688,2.66627923560792,1,replayed_after_load_shedding
1,9,5,14,0.869420884224854,0.0305791157751465,1.80712260021365,1,replayed_after_load_shedding
1,9,5,15,0.909506476632651,0,0,1,replayed_after_load_shedding
1,9,5,16,0.939422289936084,0,0,1,replayed_after_load_shedding
1,9,5,17,0.919252900652955,0,0,1,replayed_after_load_shedding
1,9,5,18,0.90593960527137,0,0,1,replayed_after_load_shedding
1,9,5,19,1.01544218319837,0,0,1,replayed_after_load_shedding
1,9,5,20,0.969964136597246,0,0,1,replayed_after_load_shedding
1,9,5,21,0.952531708636061,0,0,1,replayed_after_load_shedding
1,9,5,22,0.981913639507416,0,0,1,replayed_after_load_shedding
1,9,5,23,0.97440954907839,0,0,1,replayed_after_load_shedding
1,9,5,24,0.946623871431103,0,0,1,replayed_after_load_shedding
1,9,5,25,1.0576827,0,0,1,replayed_after_load_shedding
1,9,5,26,1.0525613,0,0,1,replayed_after_load_shedding
1,9,5,27,0.90815474754379,0,0,1,replayed_after_load_shedding
1,9,5,28,1.0503737,0,0,1,replayed_after_load_shedding
1,9,5,29,1.0501149,0,0,1,replayed_after_load_shedding
1,9,5,30,1.0499,0,0,1,replayed_after_load_shedding
1,9,5,31,0.982,0,0,1,replayed_after_load_shedding
1,9,5,32,0.9841,0,0,1,replayed_after_load_shedding
1,9,5,33,1,0,0,1,replayed_after_load_shedding
1,9,5,34,1,0,0,1,replayed_after_load_shedding
1,9,5,35,1,0,0,1,replayed_after_load_shedding
1,9,5,36,1,0,0,1,replayed_after_load_shedding
1,9,5,37,1.0275,0,0,1,replayed_after_load_shedding
1,9,5,38,1.0265,0,0,1,replayed_after_load_shedding
1,9,5,39,0.999999999999999,0,0,1,replayed_after_load_shedding
1,10,1,1,0.99698657118726,0,0,1,replayed_pf_result
1,10,1,2,1.01008412398202,0,0,1,replayed_pf_result
1,10,1,3,0.996450354273751,0,0,1,replayed_pf_result
1,10,1,4,0.97975611093021,0,0,1,replayed_pf_result
1,10,1,5,0.983970515310321,0,0,1,replayed_pf_result
1,10,1,6,0.988354827910317,0,0,1,replayed_pf_result
1,10,1,7,0.972880694219517,0,0,1,replayed_pf_result
1,10,1,8,0.970104893641862,0,0,1,replayed_pf_result
1,10,1,9,0.998708364118035,0,0,1,replayed_pf_result
1,10,1,10,1.00613764599756,0,0,1,replayed_pf_result
1,10,1,11,0.998836526101542,0,0,1,replayed_pf_result
1,10,1,12,0.98597650509371,0,0,1,replayed_pf_result
1,10,1,13,1.0005556968995,0,0,1,replayed_pf_result
1,10,1,14,0.991570369099524,0,0,1,replayed_pf_result
1,10,1,15,0.987828467762574,0,0,1,replayed_pf_result
1,10,1,16,1.00155829149204,0,0,1,replayed_pf_result
1,10,1,17,1.00188399971642,0,0,1,replayed_pf_result
1,10,1,18,0.998450573436521,0,0,1,replayed_pf_result
1,10,1,19,1.0375611031401,0,0,1,replayed_pf_result
1,10,1,20,0.978533704171099,0,0,1,replayed_pf_result
1,10,1,21,0.99322186325156,0,0,1,replayed_pf_result
1,10,1,22,1.0035618064706,0,0,1,replayed_pf_result
1,10,1,23,0.996317387117245,0,0,1,replayed_pf_result
1,10,1,24,1.00450540358069,0,0,1,replayed_pf_result
1,10,1,25,1.01775160730606,0,0,1,replayed_pf_result
1,10,1,26,1.01868307540865,0,0,1,replayed_pf_result
1,10,1,27,1.00482166979272,0,0,1,replayed_pf_result
1,10,1,28,1.02134734933609,0,0,1,replayed_pf_result
1,10,1,29,1.02221308912814,0,0,1,replayed_pf_result
1,10,1,30,1,0,0,1,replayed_pf_result
1,10,1,31,1,0,0,1,replayed_pf_result
1,10,1,32,1,0,0,1,replayed_pf_result
1,10,1,33,1,0,0,1,replayed_pf_result
1,10,1,34,1,0,0,1,replayed_pf_result
1,10,1,35,1,0,0,1,replayed_pf_result
1,10,1,36,1,0,0,1,replayed_pf_result
1,10,1,37,1,0,0,1,replayed_pf_result
1,10,1,38,1,0,0,1,replayed_pf_result
1,10,1,39,1,0,0,1,replayed_pf_result
1,11,1,1,0.99698657118726,0,0,1,replayed_pf_result
1,11,1,2,1.01008412398202,0,0,1,replayed_pf_result
1,11,1,3,0.996450354273751,0,0,1,replayed_pf_result
1,11,1,4,0.97975611093021,0,0,1,replayed_pf_result
1,11,1,5,0.983970515310321,0,0,1,replayed_pf_result
1,11,1,6,0.988354827910317,0,0,1,replayed_pf_result
1,11,1,7,0.972880694219517,0,0,1,replayed_pf_result
1,11,1,8,0.970104893641862,0,0,1,replayed_pf_result
1,11,1,9,0.998708364118035,0,0,1,replayed_pf_result
1,11,1,10,1.00613764599756,0,0,1,replayed_pf_result
1,11,1,11,0.998836526101542,0,0,1,replayed_pf_result
1,11,1,12,0.98597650509371,0,0,1,replayed_pf_result
1,11,1,13,1.0005556968995,0,0,1,replayed_pf_result
1,11,1,14,0.991570369099524,0,0,1,replayed_pf_result
1,11,1,15,0.987828467762574,0,0,1,replayed_pf_result
1,11,1,16,1.00155829149204,0,0,1,replayed_pf_result
1,11,1,17,1.00188399971642,0,0,1,replayed_pf_result
1,11,1,18,0.998450573436521,0,0,1,replayed_pf_result
1,11,1,19,1.0375611031401,0,0,1,replayed_pf_result
1,11,1,20,0.978533704171099,0,0,1,replayed_pf_result
1,11,1,21,0.99322186325156,0,0,1,replayed_pf_result
1,11,1,22,1.0035618064706,0,0,1,replayed_pf_result
1,11,1,23,0.996317387117245,0,0,1,replayed_pf_result
1,11,1,24,1.00450540358069,0,0,1,replayed_pf_result
1,11,1,25,1.01775160730606,0,0,1,replayed_pf_result
1,11,1,26,1.01868307540865,0,0,1,replayed_pf_result
1,11,1,27,1.00482166979272,0,0,1,replayed_pf_result
1,11,1,28,1.02134734933609,0,0,1,replayed_pf_result
1,11,1,29,1.02221308912814,0,0,1,replayed_pf_result
1,11,1,30,1,0,0,1,replayed_pf_result
1,11,1,31,1,0,0,1,replayed_pf_result
1,11,1,32,1,0,0,1,replayed_pf_result
1,11,1,33,1,0,0,1,replayed_pf_result
1,11,1,34,1,0,0,1,replayed_pf_result
1,11,1,35,1,0,0,1,replayed_pf_result
1,11,1,36,1,0,0,1,replayed_pf_result
1,11,1,37,1,0,0,1,replayed_pf_result
1,11,1,38,1,0,0,1,replayed_pf_result
1,11,1,39,1,0,0,1,replayed_pf_result
1,12,1,1,0.99698657118726,0,0,1,replayed_pf_result
1,12,1,2,1.01008412398202,0,0,1,replayed_pf_result
1,12,1,3,0.996450354273751,0,0,1,replayed_pf_result
1,12,1,4,0.97975611093021,0,0,1,replayed_pf_result
1,12,1,5,0.983970515310321,0,0,1,replayed_pf_result
1,12,1,6,0.988354827910317,0,0,1,replayed_pf_result
1,12,1,7,0.972880694219517,0,0,1,replayed_pf_result
1,12,1,8,0.970104893641862,0,0,1,replayed_pf_result
1,12,1,9,0.998708364118035,0,0,1,replayed_pf_result
1,12,1,10,1.00613764599756,0,0,1,replayed_pf_result
1,12,1,11,0.998836526101542,0,0,1,replayed_pf_result
1,12,1,12,0.98597650509371,0,0,1,replayed_pf_result
1,12,1,13,1.0005556968995,0,0,1,replayed_pf_result
1,12,1,14,0.991570369099524,0,0,1,replayed_pf_result
1,12,1,15,0.987828467762574,0,0,1,replayed_pf_result
1,12,1,16,1.00155829149204,0,0,1,replayed_pf_result
1,12,1,17,1.00188399971642,0,0,1,replayed_pf_result
1,12,1,18,0.998450573436521,0,0,1,replayed_pf_result
1,12,1,19,1.0375611031401,0,0,1,replayed_pf_result
1,12,1,20,0.978533704171099,0,0,1,replayed_pf_result
1,12,1,21,0.99322186325156,0,0,1,replayed_pf_result
1,12,1,22,1.0035618064706,0,0,1,replayed_pf_result
1,12,1,23,0.996317387117245,0,0,1,replayed_pf_result
1,12,1,24,1.00450540358069,0,0,1,replayed_pf_result
1,12,1,25,1.01775160730606,0,0,1,replayed_pf_result
1,12,1,26,1.01868307540865,0,0,1,replayed_pf_result
1,12,1,27,1.00482166979272,0,0,1,replayed_pf_result
1,12,1,28,1.02134734933609,0,0,1,replayed_pf_result
1,12,1,29,1.02221308912814,0,0,1,replayed_pf_result
1,12,1,30,1,0,0,1,replayed_pf_result
1,12,1,31,1,0,0,1,replayed_pf_result
1,12,1,32,1,0,0,1,replayed_pf_result
1,12,1,33,1,0,0,1,replayed_pf_result
1,12,1,34,1,0,0,1,replayed_pf_result
1,12,1,35,1,0,0,1,replayed_pf_result
1,12,1,36,1,0,0,1,replayed_pf_result
1,12,1,37,1,0,0,1,replayed_pf_result
1,12,1,38,1,0,0,1,replayed_pf_result
1,12,1,39,1,0,0,1,replayed_pf_result
1,13,1,1,0.99698657118726,0,0,1,replayed_pf_result
1,13,1,2,1.01008412398202,0,0,1,replayed_pf_result
1,13,1,3,0.996450354273751,0,0,1,replayed_pf_result
1,13,1,4,0.97975611093021,0,0,1,replayed_pf_result
1,13,1,5,0.983970515310321,0,0,1,replayed_pf_result
1,13,1,6,0.988354827910317,0,0,1,replayed_pf_result
1,13,1,7,0.972880694219517,0,0,1,replayed_pf_result
1,13,1,8,0.970104893641862,0,0,1,replayed_pf_result
1,13,1,9,0.998708364118035,0,0,1,replayed_pf_result
1,13,1,10,1.00613764599756,0,0,1,replayed_pf_result
1,13,1,11,0.998836526101542,0,0,1,replayed_pf_result
1,13,1,12,0.98597650509371,0,0,1,replayed_pf_result
1,13,1,13,1.0005556968995,0,0,1,replayed_pf_result
1,13,1,14,0.991570369099524,0,0,1,replayed_pf_result
1,13,1,15,0.987828467762574,0,0,1,replayed_pf_result
1,13,1,16,1.00155829149204,0,0,1,replayed_pf_result
1,13,1,17,1.00188399971642,0,0,1,replayed_pf_result
1,13,1,18,0.998450573436521,0,0,1,replayed_pf_result
1,13,1,19,1.0375611031401,0,0,1,replayed_pf_result
1,13,1,20,0.978533704171099,0,0,1,replayed_pf_result
1,13,1,21,0.99322186325156,0,0,1,replayed_pf_result
1,13,1,22,1.0035618064706,0,0,1,replayed_pf_result
1,13,1,23,0.996317387117245,0,0,1,replayed_pf_result
1,13,1,24,1.00450540358069,0,0,1,replayed_pf_result
1,13,1,25,1.01775160730606,0,0,1,replayed_pf_result
1,13,1,26,1.01868307540865,0,0,1,replayed_pf_result
1,13,1,27,1.00482166979272,0,0,1,replayed_pf_result
1,13,1,28,1.02134734933609,0,0,1,replayed_pf_result
1,13,1,29,1.02221308912814,0,0,1,replayed_pf_result
1,13,1,30,1,0,0,1,replayed_pf_result
1,13,1,31,1,0,0,1,replayed_pf_result
1,13,1,32,1,0,0,1,replayed_pf_result
1,13,1,33,1,0,0,1,replayed_pf_result
1,13,1,34,1,0,0,1,replayed_pf_result
1,13,1,35,1,0,0,1,replayed_pf_result
1,13,1,36,1,0,0,1,replayed_pf_result
1,13,1,37,1,0,0,1,replayed_pf_result
1,13,1,38,1,0,0,1,replayed_pf_result
1,13,1,39,1,0,0,1,replayed_pf_result
1,14,1,1,0.99698657118726,0,0,1,replayed_pf_result
1,14,1,2,1.01008412398202,0,0,1,replayed_pf_result
1,14,1,3,0.996450354273751,0,0,1,replayed_pf_result
1,14,1,4,0.97975611093021,0,0,1,replayed_pf_result
1,14,1,5,0.983970515310321,0,0,1,replayed_pf_result
1,14,1,6,0.988354827910317,0,0,1,replayed_pf_result
1,14,1,7,0.972880694219517,0,0,1,replayed_pf_result
1,14,1,8,0.970104893641862,0,0,1,replayed_pf_result
1,14,1,9,0.998708364118035,0,0,1,replayed_pf_result
1,14,1,10,1.00613764599756,0,0,1,replayed_pf_result
1,14,1,11,0.998836526101542,0,0,1,replayed_pf_result
1,14,1,12,0.98597650509371,0,0,1,replayed_pf_result
1,14,1,13,1.0005556968995,0,0,1,replayed_pf_result
1,14,1,14,0.991570369099524,0,0,1,replayed_pf_result
1,14,1,15,0.987828467762574,0,0,1,replayed_pf_result
1,14,1,16,1.00155829149204,0,0,1,replayed_pf_result
1,14,1,17,1.00188399971642,0,0,1,replayed_pf_result
1,14,1,18,0.998450573436521,0,0,1,replayed_pf_result
1,14,1,19,1.0375611031401,0,0,1,replayed_pf_result
1,14,1,20,0.978533704171099,0,0,1,replayed_pf_result
1,14,1,21,0.99322186325156,0,0,1,replayed_pf_result
1,14,1,22,1.0035618064706,0,0,1,replayed_pf_result
1,14,1,23,0.996317387117245,0,0,1,replayed_pf_result
1,14,1,24,1.00450540358069,0,0,1,replayed_pf_result
1,14,1,25,1.01775160730606,0,0,1,replayed_pf_result
1,14,1,26,1.01868307540865,0,0,1,replayed_pf_result
1,14,1,27,1.00482166979272,0,0,1,replayed_pf_result
1,14,1,28,1.02134734933609,0,0,1,replayed_pf_result
1,14,1,29,1.02221308912814,0,0,1,replayed_pf_result
1,14,1,30,1,0,0,1,replayed_pf_result
1,14,1,31,1,0,0,1,replayed_pf_result
1,14,1,32,1,0,0,1,replayed_pf_result
1,14,1,33,1,0,0,1,replayed_pf_result
1,14,1,34,1,0,0,1,replayed_pf_result
1,14,1,35,1,0,0,1,replayed_pf_result
1,14,1,36,1,0,0,1,replayed_pf_result
1,14,1,37,1,0,0,1,replayed_pf_result
1,14,1,38,1,0,0,1,replayed_pf_result
1,14,1,39,1,0,0,1,replayed_pf_result
1,14,2,1,0.99698657118726,0,0,1,replayed_pf_result
1,14,2,2,1.0207447811562,0,0,1,replayed_pf_result
1,14,2,3,0.958523980866124,0,0,1,replayed_pf_result
1,14,2,4,0.957363944933733,0,0,1,replayed_pf_result
1,14,2,5,0.968524620975131,0,0,1,replayed_pf_result
1,14,2,6,0.974093202061123,0,0,1,replayed_pf_result
1,14,2,7,0.958657686864637,0,0,1,replayed_pf_result
1,14,2,8,0.956039406580139,0,0,1,replayed_pf_result
1,14,2,9,0.992702183146734,0,0,1,replayed_pf_result
1,14,2,10,0.993275805935978,0,0,1,replayed_pf_result
1,14,2,11,0.98540207950121,0,0,1,replayed_pf_result
1,14,2,12,0.97153985843241,0,0,1,replayed_pf_result
1,14,2,13,0.985874155304742,0,0,1,replayed_pf_result
1,14,2,14,0.972513412515968,0,0,1,replayed_pf_result
1,14,2,15,0.966580908543845,0,0,1,replayed_pf_result
1,14,2,16,0.980432104393048,0,0,1,replayed_pf_result
1,14,2,17,0.968214091546166,0,0,1,replayed_pf_result
1,14,2,18,0.961913322954923,0,0,1,replayed_pf_result
1,14,2,19,1.02979281153721,0,0,1,replayed_pf_result
1,14,2,20,0.974292158739667,0,0,1,replayed_pf_result
1,14,2,21,0.978319169624768,0,0,1,replayed_pf_result
1,14,2,22,0.995571575840568,0,0,1,replayed_pf_result
1,14,2,23,0.988041718533426,0,0,1,replayed_pf_result
1,14,2,24,0.98524621721233,0,0,1,replayed_pf_result
1,14,2,25,0.991109673576248,0,0,1,replayed_pf_result
1,14,2,26,0.973359229560763,0,0,1,replayed_pf_result
1,14,2,27,0.958058285685088,0,0,1,replayed_pf_result
1,14,2,28,0.997962684733876,0,0,1,replayed_pf_result
1,14,2,29,1.00618791514158,0,0,1,replayed_pf_result
1,14,2,30,1,0,0,1,replayed_pf_result
1,14,2,31,1,0,0,1,replayed_pf_result
1,14,2,32,1,0,0,1,replayed_pf_result
1,14,2,33,1,0,0,1,replayed_pf_result
1,14,2,34,1,0,0,1,replayed_pf_result
1,14,2,35,1,0,0,1,replayed_pf_result
1,14,2,36,1,0,0,1,replayed_pf_result
1,14,2,37,1,0,0,1,replayed_pf_result
1,14,2,38,1,0,0,1,replayed_pf_result
1,14,2,39,1,0,0,1,replayed_pf_result
1,14,3,1,0.99698657118726,0,0,1,replayed_pf_result
1,14,3,2,1.0484941,0,0,1,replayed_pf_result
1,14,3,3,0.925215972975762,0,0,1,replayed_pf_result
1,14,3,4,0.913178361353013,0,0,1,replayed_pf_result
1,14,3,5,0.918758852447712,0,0,1,replayed_pf_result
1,14,3,6,0.923894426865237,0,0,1,replayed_pf_result
1,14,3,7,0.909953690701251,0,0,1,replayed_pf_result
1,14,3,8,0.908713543098492,0,0,1,replayed_pf_result
1,14,3,9,0.972424001738394,0,0,1,replayed_pf_result
1,14,3,10,0.957838552458309,0,0,1,replayed_pf_result
1,14,3,11,0.945152171484477,0,0,1,replayed_pf_result
1,14,3,12,0.931718820753841,0,0,1,replayed_pf_result
1,14,3,13,0.948781030081548,0,0,1,replayed_pf_result
1,14,3,14,0.934272796169633,0,0,1,replayed_pf_result
1,14,3,15,0.941566213007301,0,0,1,replayed_pf_result
1,14,3,16,0.961441796697549,0,0,1,replayed_pf_result
1,14,3,17,0.944114417603475,0,0,1,replayed_pf_result
1,14,3,18,0.935323060402858,0,0,1,replayed_pf_result
1,14,3,19,1.02280884848291,0,0,1,replayed_pf_result
1,14,3,20,0.970478302947161,0,0,1,replayed_pf_result
1,14,3,21,0.964912956167397,0,0,1,replayed_pf_result
1,14,3,22,0.988381998494278,0,0,1,replayed_pf_result
1,14,3,23,0.980595420246477,0,0,1,replayed_pf_result
1,14,3,24,0.967933498131269,0,0,1,replayed_pf_result
1,14,3,25,1.0576827,0,0,1,replayed_pf_result
1,14,3,26,1.0525613,0,0,1,replayed_pf_result
1,14,3,27,0.927259146279132,0,0,1,replayed_pf_result
1,14,3,28,1.0503737,0,0,1,replayed_pf_result
1,14,3,29,1.0501149,0,0,1,replayed_pf_result
1,14,3,30,1.0499,0,0,1,replayed_pf_result
1,14,3,31,1,0,0,1,replayed_pf_result
1,14,3,32,1,0,0,1,replayed_pf_result
1,14,3,33,1,0,0,1,replayed_pf_result
1,14,3,34,1,0,0,1,replayed_pf_result
1,14,3,35,1,0,0,1,replayed_pf_result
1,14,3,36,1,0,0,1,replayed_pf_result
1,14,3,37,1.0275,0,0,1,replayed_pf_result
1,14,3,38,1.0265,0,0,1,replayed_pf_result
1,14,3,39,1,0,0,1,replayed_pf_result
1,14,4,1,0.998275277890185,0,0,1,replayed_after_load_shedding
1,14,4,2,1.0484941,0,0,1,replayed_after_load_shedding
1,14,4,3,0.881267881138481,0.0187321188615189,1.10044029617319,1,replayed_after_load_shedding
1,14,4,4,0.854768951472381,0.0452310485276189,2.69278125751441,1,replayed_after_load_shedding
1,14,4,5,0.856869906298557,0.0431300937014435,2.56498746013833,1,replayed_after_load_shedding
1,14,4,6,0.85952174094006,0.0404782590599401,2.40406839802739,1,replayed_after_load_shedding
1,14,4,7,0.852283600514238,0.0477163994857618,2.84430361571963,1,replayed_after_load_shedding
1,14,4,8,0.854082246051358,0.0459177539486418,2.73460942112283,1,replayed_after_load_shedding
1,14,4,9,0.953736864598372,0,0,1,replayed_after_load_shedding
1,14,4,10,0.859597791501572,0.0404022084984276,2.39945977698768,1,replayed_after_load_shedding
1,14,4,11,0.858360332370564,0.0416396676294365,2.47449266488447,1,replayed_after_load_shedding
1,14,4,12,0.843886919889327,0.0561130801106728,3.35901147331349,1,replayed_after_load_shedding
1,14,4,13,0.86076181909042,0.0392381809095799,2.32896408274907,1,replayed_after_load_shedding
1,14,4,14,0.86838797675806,0.0316120232419403,1.86913401975918,1,replayed_after_load_shedding
1,14,4,15,0.90499003643787,0,0,1,replayed_after_load_shedding
1,14,4,16,0.935938418708873,0,0,1,replayed_after_load_shedding
1,14,4,17,0.913557791027305,0,0,1,replayed_after_load_shedding
1,14,4,18,0.899703285258204,0.000296714741795934,0.0172706689353255,1,replayed_after_load_shedding
1,14,4,19,1.0138163289148,0,0,1,replayed_after_load_shedding
1,14,4,20,0.966797546204174,0,0,1,replayed_after_load_shedding
1,14,4,21,0.947979927885424,0,0,1,replayed_after_load_shedding
1,14,4,22,0.979358699088309,0,0,1,replayed_after_load_shedding
1,14,4,23,0.971422068482853,0,0,1,replayed_after_load_shedding
1,14,4,24,0.944282429756843,0,0,1,replayed_after_load_shedding
1,14,4,25,1.0576827,0,0,1,replayed_after_load_shedding
1,14,4,26,1.0525613,0,0,1,replayed_after_load_shedding
1,14,4,27,0.898047355787174,0.00195264421282593,0.113750365720986,1,replayed_after_load_shedding
1,14,4,28,1.0503737,0,0,1,replayed_after_load_shedding
1,14,4,29,1.0501149,0,0,1,replayed_after_load_shedding
1,14,4,30,1.0499,0,0,1,replayed_after_load_shedding
1,14,4,31,1,0,0,1,replayed_after_load_shedding
1,14,4,32,0.9841,0,0,1,replayed_after_load_shedding
1,14,4,33,1,0,0,1,replayed_after_load_shedding
1,14,4,34,1,0,0,1,replayed_after_load_shedding
1,14,4,35,1,0,0,1,replayed_after_load_shedding
1,14,4,36,1,0,0,1,replayed_after_load_shedding
1,14,4,37,1.0275,0,0,1,replayed_after_load_shedding
1,14,4,38,1.0265,0,0,1,replayed_after_load_shedding
1,14,4,39,1,0,0,1,replayed_after_load_shedding
1,15,1,1,0.99698657118726,0,0,1,replayed_pf_result
1,15,1,2,1.01008412398202,0,0,1,replayed_pf_result
1,15,1,3,0.996450354273751,0,0,1,replayed_pf_result
1,15,1,4,0.97975611093021,0,0,1,replayed_pf_result
1,15,1,5,0.983970515310321,0,0,1,replayed_pf_result
1,15,1,6,0.988354827910317,0,0,1,replayed_pf_result
1,15,1,7,0.972880694219517,0,0,1,replayed_pf_result
1,15,1,8,0.970104893641862,0,0,1,replayed_pf_result
1,15,1,9,0.998708364118035,0,0,1,replayed_pf_result
1,15,1,10,1.00613764599756,0,0,1,replayed_pf_result
1,15,1,11,0.998836526101542,0,0,1,replayed_pf_result
1,15,1,12,0.98597650509371,0,0,1,replayed_pf_result
1,15,1,13,1.0005556968995,0,0,1,replayed_pf_result
1,15,1,14,0.991570369099524,0,0,1,replayed_pf_result
1,15,1,15,0.987828467762574,0,0,1,replayed_pf_result
1,15,1,16,1.00155829149204,0,0,1,replayed_pf_result
1,15,1,17,1.00188399971642,0,0,1,replayed_pf_result
1,15,1,18,0.998450573436521,0,0,1,replayed_pf_result
1,15,1,19,1.0375611031401,0,0,1,replayed_pf_result
1,15,1,20,0.978533704171099,0,0,1,replayed_pf_result
1,15,1,21,0.99322186325156,0,0,1,replayed_pf_result
1,15,1,22,1.0035618064706,0,0,1,replayed_pf_result
1,15,1,23,0.996317387117245,0,0,1,replayed_pf_result
1,15,1,24,1.00450540358069,0,0,1,replayed_pf_result
1,15,1,25,1.01775160730606,0,0,1,replayed_pf_result
1,15,1,26,1.01868307540865,0,0,1,replayed_pf_result
1,15,1,27,1.00482166979272,0,0,1,replayed_pf_result
1,15,1,28,1.02134734933609,0,0,1,replayed_pf_result
1,15,1,29,1.02221308912814,0,0,1,replayed_pf_result
1,15,1,30,1,0,0,1,replayed_pf_result
1,15,1,31,1,0,0,1,replayed_pf_result
1,15,1,32,1,0,0,1,replayed_pf_result
1,15,1,33,1,0,0,1,replayed_pf_result
1,15,1,34,1,0,0,1,replayed_pf_result
1,15,1,35,1,0,0,1,replayed_pf_result
1,15,1,36,1,0,0,1,replayed_pf_result
1,15,1,37,1,0,0,1,replayed_pf_result
1,15,1,38,1,0,0,1,replayed_pf_result
1,15,1,39,1,0,0,1,replayed_pf_result
1,15,2,1,0.99698657118726,0,0,1,replayed_pf_result
1,15,2,2,1.0207447811562,0,0,1,replayed_pf_result
1,15,2,3,0.958523980866124,0,0,1,replayed_pf_result
1,15,2,4,0.957363944933733,0,0,1,replayed_pf_result
1,15,2,5,0.968524620975131,0,0,1,replayed_pf_result
1,15,2,6,0.974093202061123,0,0,1,replayed_pf_result
1,15,2,7,0.958657686864637,0,0,1,replayed_pf_result
1,15,2,8,0.956039406580139,0,0,1,replayed_pf_result
1,15,2,9,0.992702183146734,0,0,1,replayed_pf_result
1,15,2,10,0.993275805935978,0,0,1,replayed_pf_result
1,15,2,11,0.98540207950121,0,0,1,replayed_pf_result
1,15,2,12,0.97153985843241,0,0,1,replayed_pf_result
1,15,2,13,0.985874155304742,0,0,1,replayed_pf_result
1,15,2,14,0.972513412515968,0,0,1,replayed_pf_result
1,15,2,15,0.966580908543845,0,0,1,replayed_pf_result
1,15,2,16,0.980432104393048,0,0,1,replayed_pf_result
1,15,2,17,0.968214091546166,0,0,1,replayed_pf_result
1,15,2,18,0.961913322954923,0,0,1,replayed_pf_result
1,15,2,19,1.02979281153721,0,0,1,replayed_pf_result
1,15,2,20,0.974292158739667,0,0,1,replayed_pf_result
1,15,2,21,0.978319169624768,0,0,1,replayed_pf_result
1,15,2,22,0.995571575840568,0,0,1,replayed_pf_result
1,15,2,23,0.988041718533426,0,0,1,replayed_pf_result
1,15,2,24,0.98524621721233,0,0,1,replayed_pf_result
1,15,2,25,0.991109673576248,0,0,1,replayed_pf_result
1,15,2,26,0.973359229560763,0,0,1,replayed_pf_result
1,15,2,27,0.958058285685088,0,0,1,replayed_pf_result
1,15,2,28,0.997962684733876,0,0,1,replayed_pf_result
1,15,2,29,1.00618791514158,0,0,1,replayed_pf_result
1,15,2,30,1,0,0,1,replayed_pf_result
1,15,2,31,1,0,0,1,replayed_pf_result
1,15,2,32,1,0,0,1,replayed_pf_result
1,15,2,33,1,0,0,1,replayed_pf_result
1,15,2,34,1,0,0,1,replayed_pf_result
1,15,2,35,1,0,0,1,replayed_pf_result
1,15,2,36,1,0,0,1,replayed_pf_result
1,15,2,37,1,0,0,1,replayed_pf_result
1,15,2,38,1,0,0,1,replayed_pf_result
1,15,2,39,1,0,0,1,replayed_pf_result
1,15,3,1,0.99698657118726,0,0,1,replayed_pf_result
1,15,3,2,1.0484941,0,0,1,replayed_pf_result
1,15,3,3,0.925215972975762,0,0,1,replayed_pf_result
1,15,3,4,0.913178361353013,0,0,1,replayed_pf_result
1,15,3,5,0.918758852447712,0,0,1,replayed_pf_result
1,15,3,6,0.923894426865237,0,0,1,replayed_pf_result
1,15,3,7,0.909953690701251,0,0,1,replayed_pf_result
1,15,3,8,0.908713543098492,0,0,1,replayed_pf_result
1,15,3,9,0.972424001738394,0,0,1,replayed_pf_result
1,15,3,10,0.957838552458309,0,0,1,replayed_pf_result
1,15,3,11,0.945152171484477,0,0,1,replayed_pf_result
1,15,3,12,0.931718820753841,0,0,1,replayed_pf_result
1,15,3,13,0.948781030081548,0,0,1,replayed_pf_result
1,15,3,14,0.934272796169633,0,0,1,replayed_pf_result
1,15,3,15,0.941566213007301,0,0,1,replayed_pf_result
1,15,3,16,0.961441796697549,0,0,1,replayed_pf_result
1,15,3,17,0.944114417603475,0,0,1,replayed_pf_result
1,15,3,18,0.935323060402858,0,0,1,replayed_pf_result
1,15,3,19,1.02280884848291,0,0,1,replayed_pf_result
1,15,3,20,0.970478302947161,0,0,1,replayed_pf_result
1,15,3,21,0.964912956167397,0,0,1,replayed_pf_result
1,15,3,22,0.988381998494278,0,0,1,replayed_pf_result
1,15,3,23,0.980595420246477,0,0,1,replayed_pf_result
1,15,3,24,0.967933498131269,0,0,1,replayed_pf_result
1,15,3,25,1.0576827,0,0,1,replayed_pf_result
1,15,3,26,1.0525613,0,0,1,replayed_pf_result
1,15,3,27,0.927259146279132,0,0,1,replayed_pf_result
1,15,3,28,1.0503737,0,0,1,replayed_pf_result
1,15,3,29,1.0501149,0,0,1,replayed_pf_result
1,15,3,30,1.0499,0,0,1,replayed_pf_result
1,15,3,31,1,0,0,1,replayed_pf_result
1,15,3,32,1,0,0,1,replayed_pf_result
1,15,3,33,1,0,0,1,replayed_pf_result
1,15,3,34,1,0,0,1,replayed_pf_result
1,15,3,35,1,0,0,1,replayed_pf_result
1,15,3,36,1,0,0,1,replayed_pf_result
1,15,3,37,1.0275,0,0,1,replayed_pf_result
1,15,3,38,1.0265,0,0,1,replayed_pf_result
1,15,3,39,1,0,0,1,replayed_pf_result
1,15,4,1,0.998275277890185,0,0,1,replayed_after_load_shedding
1,15,4,2,1.0484941,0,0,1,replayed_after_load_shedding
1,15,4,3,0.925665008846109,0,0,1,replayed_after_load_shedding
1,15,4,4,0.90951709964889,0,0,1,replayed_after_load_shedding
1,15,4,5,0.904900292266951,0,0,1,replayed_after_load_shedding
1,15,4,6,0.908648461645314,0,0,1,replayed_after_load_shedding
1,15,4,7,0.890332918482282,0.00966708151771811,0.565329768535458,1,replayed_after_load_shedding
1,15,4,8,0.885766885486398,0.0142331145136021,0.834257065777697,1,replayed_after_load_shedding
1,15,4,9,0.929728608761259,0,0,1,replayed_after_load_shedding
1,15,4,10,0.951665208823484,0,0,1,replayed_after_load_shedding
1,15,4,11,0.936051349612146,0,0,1,replayed_after_load_shedding
1,15,4,12,0.926920656102412,0,0,1,replayed_after_load_shedding
1,15,4,13,0.944276482588204,0,0,1,replayed_after_load_shedding
1,15,4,14,0.932447887974939,0,0,1,replayed_after_load_shedding
1,15,4,15,0.944101003794455,0,0,1,replayed_after_load_shedding
1,15,4,16,0.963383370248527,0,0,1,replayed_after_load_shedding
1,15,4,17,0.946460338592662,0,0,1,replayed_after_load_shedding
1,15,4,18,0.937093481774224,0,0,1,replayed_after_load_shedding
1,15,4,19,1.02391592372496,0,0,1,replayed_after_load_shedding
1,15,4,20,0.972303725610761,0,0,1,replayed_after_load_shedding
1,15,4,21,0.967360676831472,0,0,1,replayed_after_load_shedding
1,15,4,22,0.98975827187741,0,0,1,replayed_after_load_shedding
1,15,4,23,0.98219378892498,0,0,1,replayed_after_load_shedding
1,15,4,24,0.96931991416897,0,0,1,replayed_after_load_shedding
1,15,4,25,1.0576827,0,0,1,replayed_after_load_shedding
1,15,4,26,1.0525613,0,0,1,replayed_after_load_shedding
1,15,4,27,0.931779622944176,0,0,1,replayed_after_load_shedding
1,15,4,28,1.0503737,0,0,1,replayed_after_load_shedding
1,15,4,29,1.0501149,0,0,1,replayed_after_load_shedding
1,15,4,30,1.0499,0,0,1,replayed_after_load_shedding
1,15,4,31,0.982,0,0,1,replayed_after_load_shedding
1,15,4,32,1,0,0,1,replayed_after_load_shedding
1,15,4,33,1,0,0,1,replayed_after_load_shedding
1,15,4,34,1,0,0,1,replayed_after_load_shedding
1,15,4,35,1,0,0,1,replayed_after_load_shedding
1,15,4,36,1,0,0,1,replayed_after_load_shedding
1,15,4,37,1.0275,0,0,1,replayed_after_load_shedding
1,15,4,38,1.0265,0,0,1,replayed_after_load_shedding
1,15,4,39,0.999999999999999,0,0,1,replayed_after_load_shedding
1,15,5,1,1.0393836,0,0,1,replayed_pf_result
1,15,5,2,1.0484941,0,0,1,replayed_pf_result
1,15,5,3,0.898699775191396,0.00130022480860392,0.0757192705996879,1,replayed_pf_result
1,15,5,4,0.87620376340421,0.0237962365957897,1.40149455533289,1,replayed_pf_result
1,15,5,5,0.871853445233367,0.0281465547666332,1.66133467064581,1,replayed_pf_result
1,15,5,6,0.873707385673911,0.0262926143260888,1.55046244688884,1,replayed_pf_result
1,15,5,7,0.86187358009061,0.03812641990939,2.26171032272038,1,replayed_pf_result
1,15,5,8,0.860683711182751,0.0393162888172491,2.33369187618582,1,replayed_pf_result
1,15,5,9,0.89109169081367,0.00890830918633012,0.520758941374147,1,replayed_pf_result
1,15,5,10,0.910525604531825,0,0,1,replayed_pf_result
1,15,5,11,0.895088789206382,0.00491121079361845,0.286524042513338,1,replayed_pf_result
1,15,5,12,0.884991621893494,0.0150083781065065,0.880040114855797,1,replayed_pf_result
1,15,5,13,0.903674461211817,0,0,1,replayed_pf_result
1,15,5,14,0.896240664378546,0.00375933562145403,0.219196334642302,1,replayed_pf_result
1,15,5,15,0.9213211100506,0,0,1,replayed_pf_result
1,15,5,16,0.946975568377282,0,0,1,replayed_pf_result
1,15,5,17,0.926420440602668,0,0,1,replayed_pf_result
1,15,5,18,0.914264468494387,0,0,1,replayed_pf_result
1,15,5,19,1.01787828035565,0,0,1,replayed_pf_result
1,15,5,20,0.969012187410345,0,0,1,replayed_pf_result
1,15,5,21,0.955776688321627,0,0,1,replayed_pf_result
1,15,5,22,0.983542851529573,0,0,1,replayed_pf_result
1,15,5,23,0.975755935694868,0,0,1,replayed_pf_result
1,15,5,24,0.954351722054473,0,0,1,replayed_pf_result
1,15,5,25,1.0576827,0,0,1,replayed_pf_result
1,15,5,26,1.0525613,0,0,1,replayed_pf_result
1,15,5,27,0.911242154571876,0,0,1,replayed_pf_result
1,15,5,28,1.0503737,0,0,1,replayed_pf_result
1,15,5,29,1.0501149,0,0,1,replayed_pf_result
1,15,5,30,1.0499,0,0,1,replayed_pf_result
1,15,5,31,0.982,0,0,1,replayed_pf_result
1,15,5,32,1,0,0,1,replayed_pf_result
1,15,5,33,1,0,0,1,replayed_pf_result
1,15,5,34,1,0,0,1,replayed_pf_result
1,15,5,35,1,0,0,1,replayed_pf_result
1,15,5,36,1,0,0,1,replayed_pf_result
1,15,5,37,1.0275,0,0,1,replayed_pf_result
1,15,5,38,1.0265,0,0,1,replayed_pf_result
1,15,5,39,1.03,0,0,1,replayed_pf_result
1,16,1,1,0.99698657118726,0,0,1,replayed_pf_result
1,16,1,2,1.01008412398202,0,0,1,replayed_pf_result
1,16,1,3,0.996450354273751,0,0,1,replayed_pf_result
1,16,1,4,0.97975611093021,0,0,1,replayed_pf_result
1,16,1,5,0.983970515310321,0,0,1,replayed_pf_result
1,16,1,6,0.988354827910317,0,0,1,replayed_pf_result
1,16,1,7,0.972880694219517,0,0,1,replayed_pf_result
1,16,1,8,0.970104893641862,0,0,1,replayed_pf_result
1,16,1,9,0.998708364118035,0,0,1,replayed_pf_result
1,16,1,10,1.00613764599756,0,0,1,replayed_pf_result
1,16,1,11,0.998836526101542,0,0,1,replayed_pf_result
1,16,1,12,0.98597650509371,0,0,1,replayed_pf_result
1,16,1,13,1.0005556968995,0,0,1,replayed_pf_result
1,16,1,14,0.991570369099524,0,0,1,replayed_pf_result
1,16,1,15,0.987828467762574,0,0,1,replayed_pf_result
1,16,1,16,1.00155829149204,0,0,1,replayed_pf_result
1,16,1,17,1.00188399971642,0,0,1,replayed_pf_result
1,16,1,18,0.998450573436521,0,0,1,replayed_pf_result
1,16,1,19,1.0375611031401,0,0,1,replayed_pf_result
1,16,1,20,0.978533704171099,0,0,1,replayed_pf_result
1,16,1,21,0.99322186325156,0,0,1,replayed_pf_result
1,16,1,22,1.0035618064706,0,0,1,replayed_pf_result
1,16,1,23,0.996317387117245,0,0,1,replayed_pf_result
1,16,1,24,1.00450540358069,0,0,1,replayed_pf_result
1,16,1,25,1.01775160730606,0,0,1,replayed_pf_result
1,16,1,26,1.01868307540865,0,0,1,replayed_pf_result
1,16,1,27,1.00482166979272,0,0,1,replayed_pf_result
1,16,1,28,1.02134734933609,0,0,1,replayed_pf_result
1,16,1,29,1.02221308912814,0,0,1,replayed_pf_result
1,16,1,30,1,0,0,1,replayed_pf_result
1,16,1,31,1,0,0,1,replayed_pf_result
1,16,1,32,1,0,0,1,replayed_pf_result
1,16,1,33,1,0,0,1,replayed_pf_result
1,16,1,34,1,0,0,1,replayed_pf_result
1,16,1,35,1,0,0,1,replayed_pf_result
1,16,1,36,1,0,0,1,replayed_pf_result
1,16,1,37,1,0,0,1,replayed_pf_result
1,16,1,38,1,0,0,1,replayed_pf_result
1,16,1,39,1,0,0,1,replayed_pf_result
1,16,2,1,0.99698657118726,0,0,1,replayed_pf_result
1,16,2,2,1.0207447811562,0,0,1,replayed_pf_result
1,16,2,3,0.958523980866124,0,0,1,replayed_pf_result
1,16,2,4,0.957363944933733,0,0,1,replayed_pf_result
1,16,2,5,0.968524620975131,0,0,1,replayed_pf_result
1,16,2,6,0.974093202061123,0,0,1,replayed_pf_result
1,16,2,7,0.958657686864637,0,0,1,replayed_pf_result
1,16,2,8,0.956039406580139,0,0,1,replayed_pf_result
1,16,2,9,0.992702183146734,0,0,1,replayed_pf_result
1,16,2,10,0.993275805935978,0,0,1,replayed_pf_result
1,16,2,11,0.98540207950121,0,0,1,replayed_pf_result
1,16,2,12,0.97153985843241,0,0,1,replayed_pf_result
1,16,2,13,0.985874155304742,0,0,1,replayed_pf_result
1,16,2,14,0.972513412515968,0,0,1,replayed_pf_result
1,16,2,15,0.966580908543845,0,0,1,replayed_pf_result
1,16,2,16,0.980432104393048,0,0,1,replayed_pf_result
1,16,2,17,0.968214091546166,0,0,1,replayed_pf_result
1,16,2,18,0.961913322954923,0,0,1,replayed_pf_result
1,16,2,19,1.02979281153721,0,0,1,replayed_pf_result
1,16,2,20,0.974292158739667,0,0,1,replayed_pf_result
1,16,2,21,0.978319169624768,0,0,1,replayed_pf_result
1,16,2,22,0.995571575840568,0,0,1,replayed_pf_result
1,16,2,23,0.988041718533426,0,0,1,replayed_pf_result
1,16,2,24,0.98524621721233,0,0,1,replayed_pf_result
1,16,2,25,0.991109673576248,0,0,1,replayed_pf_result
1,16,2,26,0.973359229560763,0,0,1,replayed_pf_result
1,16,2,27,0.958058285685088,0,0,1,replayed_pf_result
1,16,2,28,0.997962684733876,0,0,1,replayed_pf_result
1,16,2,29,1.00618791514158,0,0,1,replayed_pf_result
1,16,2,30,1,0,0,1,replayed_pf_result
1,16,2,31,1,0,0,1,replayed_pf_result
1,16,2,32,1,0,0,1,replayed_pf_result
1,16,2,33,1,0,0,1,replayed_pf_result
1,16,2,34,1,0,0,1,replayed_pf_result
1,16,2,35,1,0,0,1,replayed_pf_result
1,16,2,36,1,0,0,1,replayed_pf_result
1,16,2,37,1,0,0,1,replayed_pf_result
1,16,2,38,1,0,0,1,replayed_pf_result
1,16,2,39,1,0,0,1,replayed_pf_result
1,16,3,1,0.99698657118726,0,0,1,replayed_pf_result
1,16,3,2,1.0484941,0,0,1,replayed_pf_result
1,16,3,3,0.925215972975762,0,0,1,replayed_pf_result
1,16,3,4,0.913178361353013,0,0,1,replayed_pf_result
1,16,3,5,0.918758852447712,0,0,1,replayed_pf_result
1,16,3,6,0.923894426865237,0,0,1,replayed_pf_result
1,16,3,7,0.909953690701251,0,0,1,replayed_pf_result
1,16,3,8,0.908713543098492,0,0,1,replayed_pf_result
1,16,3,9,0.972424001738394,0,0,1,replayed_pf_result
1,16,3,10,0.957838552458309,0,0,1,replayed_pf_result
1,16,3,11,0.945152171484477,0,0,1,replayed_pf_result
1,16,3,12,0.931718820753841,0,0,1,replayed_pf_result
1,16,3,13,0.948781030081548,0,0,1,replayed_pf_result
1,16,3,14,0.934272796169633,0,0,1,replayed_pf_result
1,16,3,15,0.941566213007301,0,0,1,replayed_pf_result
1,16,3,16,0.961441796697549,0,0,1,replayed_pf_result
1,16,3,17,0.944114417603475,0,0,1,replayed_pf_result
1,16,3,18,0.935323060402858,0,0,1,replayed_pf_result
1,16,3,19,1.02280884848291,0,0,1,replayed_pf_result
1,16,3,20,0.970478302947161,0,0,1,replayed_pf_result
1,16,3,21,0.964912956167397,0,0,1,replayed_pf_result
1,16,3,22,0.988381998494278,0,0,1,replayed_pf_result
1,16,3,23,0.980595420246477,0,0,1,replayed_pf_result
1,16,3,24,0.967933498131269,0,0,1,replayed_pf_result
1,16,3,25,1.0576827,0,0,1,replayed_pf_result
1,16,3,26,1.0525613,0,0,1,replayed_pf_result
1,16,3,27,0.927259146279132,0,0,1,replayed_pf_result
1,16,3,28,1.0503737,0,0,1,replayed_pf_result
1,16,3,29,1.0501149,0,0,1,replayed_pf_result
1,16,3,30,1.0499,0,0,1,replayed_pf_result
1,16,3,31,1,0,0,1,replayed_pf_result
1,16,3,32,1,0,0,1,replayed_pf_result
1,16,3,33,1,0,0,1,replayed_pf_result
1,16,3,34,1,0,0,1,replayed_pf_result
1,16,3,35,1,0,0,1,replayed_pf_result
1,16,3,36,1,0,0,1,replayed_pf_result
1,16,3,37,1.0275,0,0,1,replayed_pf_result
1,16,3,38,1.0265,0,0,1,replayed_pf_result
1,16,3,39,1,0,0,1,replayed_pf_result
1,16,4,1,1.0008247033692,0,0,1,replayed_after_load_shedding
1,16,4,2,1.0484941,0,0,1,replayed_after_load_shedding
1,16,4,3,0.894416705235736,0.00558329476426378,0.325843543850347,1,replayed_after_load_shedding
1,16,4,4,0.869041862656832,0.0309581373431675,1.82987002166348,1,replayed_after_load_shedding
1,16,4,5,0.86260881878875,0.0373911812112496,2.21727458357569,1,replayed_after_load_shedding
1,16,4,6,0.862377218416504,0.037622781583496,2.23126832780523,1,replayed_after_load_shedding
1,16,4,7,0.856345836564156,0.0436541634358439,2.59683967591705,1,replayed_after_load_shedding
1,16,4,8,0.856967033538571,0.0430329664614295,2.55908603745568,1,replayed_after_load_shedding
1,16,4,9,0.937132102562665,0,0,1,replayed_after_load_shedding
1,16,4,10,0.868768647139311,0.0312313528606892,1.84627271789727,1,replayed_after_load_shedding
1,16,4,11,0.865971718246772,0.0340282817532283,2.0144464333575,1,replayed_after_load_shedding
1,16,4,12,0.857983783735387,0.042016216264613,2.49734298704662,1,replayed_after_load_shedding
1,16,4,13,0.871293632411795,0.0287063675882048,1.6948538907007,1,replayed_after_load_shedding
1,16,4,14,0.880445129357808,0.0195548706421915,1.14924799813367,1,replayed_after_load_shedding
1,16,4,15,0.915810136547949,0,0,1,replayed_after_load_shedding
1,16,4,16,0.943800799829898,0,0,1,replayed_after_load_shedding
1,16,4,17,0.924337752912817,0,0,1,replayed_after_load_shedding
1,16,4,18,0.911421950881322,0,0,1,replayed_after_load_shedding
1,16,4,19,1.01705760532444,0,0,1,replayed_after_load_shedding
1,16,4,20,0.970842311098828,0,0,1,replayed_after_load_shedding
1,16,4,21,0.955622192124605,0,0,1,replayed_after_load_shedding
1,16,4,22,0.983573232626434,0,0,1,replayed_after_load_shedding
1,16,4,23,0.976128848682732,0,0,1,replayed_after_load_shedding
1,16,4,24,0.950624055284529,0,0,1,replayed_after_load_shedding
1,16,4,25,1.0576827,0,0,1,replayed_after_load_shedding
1,16,4,26,1.0525613,0,0,1,replayed_after_load_shedding
1,16,4,27,0.913339499110075,0,0,1,replayed_after_load_shedding
1,16,4,28,1.0503737,0,0,1,replayed_after_load_shedding
1,16,4,29,1.0501149,0,0,1,replayed_after_load_shedding
1,16,4,30,1.0499,0,0,1,replayed_after_load_shedding
1,16,4,31,0.982,0,0,1,replayed_after_load_shedding
1,16,4,32,0.9841,0,0,1,replayed_after_load_shedding
1,16,4,33,1,0,0,1,replayed_after_load_shedding
1,16,4,34,1,0,0,1,replayed_after_load_shedding
1,16,4,35,1,0,0,1,replayed_after_load_shedding
1,16,4,36,1,0,0,1,replayed_after_load_shedding
1,16,4,37,1.0275,0,0,1,replayed_after_load_shedding
1,16,4,38,1.0265,0,0,1,replayed_after_load_shedding
1,16,4,39,0.999999999999999,0,0,1,replayed_after_load_shedding
1,17,1,1,0.99698657118726,0,0,1,replayed_pf_result
1,17,1,2,1.01008412398202,0,0,1,replayed_pf_result
1,17,1,3,0.996450354273751,0,0,1,replayed_pf_result
1,17,1,4,0.97975611093021,0,0,1,replayed_pf_result
1,17,1,5,0.983970515310321,0,0,1,replayed_pf_result
1,17,1,6,0.988354827910317,0,0,1,replayed_pf_result
1,17,1,7,0.972880694219517,0,0,1,replayed_pf_result
1,17,1,8,0.970104893641862,0,0,1,replayed_pf_result
1,17,1,9,0.998708364118035,0,0,1,replayed_pf_result
1,17,1,10,1.00613764599756,0,0,1,replayed_pf_result
1,17,1,11,0.998836526101542,0,0,1,replayed_pf_result
1,17,1,12,0.98597650509371,0,0,1,replayed_pf_result
1,17,1,13,1.0005556968995,0,0,1,replayed_pf_result
1,17,1,14,0.991570369099524,0,0,1,replayed_pf_result
1,17,1,15,0.987828467762574,0,0,1,replayed_pf_result
1,17,1,16,1.00155829149204,0,0,1,replayed_pf_result
1,17,1,17,1.00188399971642,0,0,1,replayed_pf_result
1,17,1,18,0.998450573436521,0,0,1,replayed_pf_result
1,17,1,19,1.0375611031401,0,0,1,replayed_pf_result
1,17,1,20,0.978533704171099,0,0,1,replayed_pf_result
1,17,1,21,0.99322186325156,0,0,1,replayed_pf_result
1,17,1,22,1.0035618064706,0,0,1,replayed_pf_result
1,17,1,23,0.996317387117245,0,0,1,replayed_pf_result
1,17,1,24,1.00450540358069,0,0,1,replayed_pf_result
1,17,1,25,1.01775160730606,0,0,1,replayed_pf_result
1,17,1,26,1.01868307540865,0,0,1,replayed_pf_result
1,17,1,27,1.00482166979272,0,0,1,replayed_pf_result
1,17,1,28,1.02134734933609,0,0,1,replayed_pf_result
1,17,1,29,1.02221308912814,0,0,1,replayed_pf_result
1,17,1,30,1,0,0,1,replayed_pf_result
1,17,1,31,1,0,0,1,replayed_pf_result
1,17,1,32,1,0,0,1,replayed_pf_result
1,17,1,33,1,0,0,1,replayed_pf_result
1,17,1,34,1,0,0,1,replayed_pf_result
1,17,1,35,1,0,0,1,replayed_pf_result
1,17,1,36,1,0,0,1,replayed_pf_result
1,17,1,37,1,0,0,1,replayed_pf_result
1,17,1,38,1,0,0,1,replayed_pf_result
1,17,1,39,1,0,0,1,replayed_pf_result
1,17,2,1,0.99698657118726,0,0,1,replayed_pf_result
1,17,2,2,1.0207447811562,0,0,1,replayed_pf_result
1,17,2,3,0.958523980866124,0,0,1,replayed_pf_result
1,17,2,4,0.957363944933733,0,0,1,replayed_pf_result
1,17,2,5,0.968524620975131,0,0,1,replayed_pf_result
1,17,2,6,0.974093202061123,0,0,1,replayed_pf_result
1,17,2,7,0.958657686864637,0,0,1,replayed_pf_result
1,17,2,8,0.956039406580139,0,0,1,replayed_pf_result
1,17,2,9,0.992702183146734,0,0,1,replayed_pf_result
1,17,2,10,0.993275805935978,0,0,1,replayed_pf_result
1,17,2,11,0.98540207950121,0,0,1,replayed_pf_result
1,17,2,12,0.97153985843241,0,0,1,replayed_pf_result
1,17,2,13,0.985874155304742,0,0,1,replayed_pf_result
1,17,2,14,0.972513412515968,0,0,1,replayed_pf_result
1,17,2,15,0.966580908543845,0,0,1,replayed_pf_result
1,17,2,16,0.980432104393048,0,0,1,replayed_pf_result
1,17,2,17,0.968214091546166,0,0,1,replayed_pf_result
1,17,2,18,0.961913322954923,0,0,1,replayed_pf_result
1,17,2,19,1.02979281153721,0,0,1,replayed_pf_result
1,17,2,20,0.974292158739667,0,0,1,replayed_pf_result
1,17,2,21,0.978319169624768,0,0,1,replayed_pf_result
1,17,2,22,0.995571575840568,0,0,1,replayed_pf_result
1,17,2,23,0.988041718533426,0,0,1,replayed_pf_result
1,17,2,24,0.98524621721233,0,0,1,replayed_pf_result
1,17,2,25,0.991109673576248,0,0,1,replayed_pf_result
1,17,2,26,0.973359229560763,0,0,1,replayed_pf_result
1,17,2,27,0.958058285685088,0,0,1,replayed_pf_result
1,17,2,28,0.997962684733876,0,0,1,replayed_pf_result
1,17,2,29,1.00618791514158,0,0,1,replayed_pf_result
1,17,2,30,1,0,0,1,replayed_pf_result
1,17,2,31,1,0,0,1,replayed_pf_result
1,17,2,32,1,0,0,1,replayed_pf_result
1,17,2,33,1,0,0,1,replayed_pf_result
1,17,2,34,1,0,0,1,replayed_pf_result
1,17,2,35,1,0,0,1,replayed_pf_result
1,17,2,36,1,0,0,1,replayed_pf_result
1,17,2,37,1,0,0,1,replayed_pf_result
1,17,2,38,1,0,0,1,replayed_pf_result
1,17,2,39,1,0,0,1,replayed_pf_result
1,17,3,1,0.99698657118726,0,0,1,replayed_pf_result
1,17,3,2,1.0484941,0,0,1,replayed_pf_result
1,17,3,3,0.925215972975762,0,0,1,replayed_pf_result
1,17,3,4,0.913178361353013,0,0,1,replayed_pf_result
1,17,3,5,0.918758852447712,0,0,1,replayed_pf_result
1,17,3,6,0.923894426865237,0,0,1,replayed_pf_result
1,17,3,7,0.909953690701251,0,0,1,replayed_pf_result
1,17,3,8,0.908713543098492,0,0,1,replayed_pf_result
1,17,3,9,0.972424001738394,0,0,1,replayed_pf_result
1,17,3,10,0.957838552458309,0,0,1,replayed_pf_result
1,17,3,11,0.945152171484477,0,0,1,replayed_pf_result
1,17,3,12,0.931718820753841,0,0,1,replayed_pf_result
1,17,3,13,0.948781030081548,0,0,1,replayed_pf_result
1,17,3,14,0.934272796169633,0,0,1,replayed_pf_result
1,17,3,15,0.941566213007301,0,0,1,replayed_pf_result
1,17,3,16,0.961441796697549,0,0,1,replayed_pf_result
1,17,3,17,0.944114417603475,0,0,1,replayed_pf_result
1,17,3,18,0.935323060402858,0,0,1,replayed_pf_result
1,17,3,19,1.02280884848291,0,0,1,replayed_pf_result
1,17,3,20,0.970478302947161,0,0,1,replayed_pf_result
1,17,3,21,0.964912956167397,0,0,1,replayed_pf_result
1,17,3,22,0.988381998494278,0,0,1,replayed_pf_result
1,17,3,23,0.980595420246477,0,0,1,replayed_pf_result
1,17,3,24,0.967933498131269,0,0,1,replayed_pf_result
1,17,3,25,1.0576827,0,0,1,replayed_pf_result
1,17,3,26,1.0525613,0,0,1,replayed_pf_result
1,17,3,27,0.927259146279132,0,0,1,replayed_pf_result
1,17,3,28,1.0503737,0,0,1,replayed_pf_result
1,17,3,29,1.0501149,0,0,1,replayed_pf_result
1,17,3,30,1.0499,0,0,1,replayed_pf_result
1,17,3,31,1,0,0,1,replayed_pf_result
1,17,3,32,1,0,0,1,replayed_pf_result
1,17,3,33,1,0,0,1,replayed_pf_result
1,17,3,34,1,0,0,1,replayed_pf_result
1,17,3,35,1,0,0,1,replayed_pf_result
1,17,3,36,1,0,0,1,replayed_pf_result
1,17,3,37,1.0275,0,0,1,replayed_pf_result
1,17,3,38,1.0265,0,0,1,replayed_pf_result
1,17,3,39,1,0,0,1,replayed_pf_result
1,17,4,1,0.998275277890185,0,0,1,replayed_after_load_shedding
1,17,4,2,1.0484941,0,0,1,replayed_after_load_shedding
1,17,4,3,0.925665008846109,0,0,1,replayed_after_load_shedding
1,17,4,4,0.90951709964889,0,0,1,replayed_after_load_shedding
1,17,4,5,0.904900292266951,0,0,1,replayed_after_load_shedding
1,17,4,6,0.908648461645314,0,0,1,replayed_after_load_shedding
1,17,4,7,0.890332918482282,0.00966708151771811,0.565329768535458,1,replayed_after_load_shedding
1,17,4,8,0.885766885486398,0.0142331145136021,0.834257065777697,1,replayed_after_load_shedding
1,17,4,9,0.929728608761259,0,0,1,replayed_after_load_shedding
1,17,4,10,0.951665208823484,0,0,1,replayed_after_load_shedding
1,17,4,11,0.936051349612146,0,0,1,replayed_after_load_shedding
1,17,4,12,0.926920656102412,0,0,1,replayed_after_load_shedding
1,17,4,13,0.944276482588204,0,0,1,replayed_after_load_shedding
1,17,4,14,0.932447887974939,0,0,1,replayed_after_load_shedding
1,17,4,15,0.944101003794455,0,0,1,replayed_after_load_shedding
1,17,4,16,0.963383370248527,0,0,1,replayed_after_load_shedding
1,17,4,17,0.946460338592662,0,0,1,replayed_after_load_shedding
1,17,4,18,0.937093481774224,0,0,1,replayed_after_load_shedding
1,17,4,19,1.02391592372496,0,0,1,replayed_after_load_shedding
1,17,4,20,0.972303725610761,0,0,1,replayed_after_load_shedding
1,17,4,21,0.967360676831472,0,0,1,replayed_after_load_shedding
1,17,4,22,0.98975827187741,0,0,1,replayed_after_load_shedding
1,17,4,23,0.98219378892498,0,0,1,replayed_after_load_shedding
1,17,4,24,0.96931991416897,0,0,1,replayed_after_load_shedding
1,17,4,25,1.0576827,0,0,1,replayed_after_load_shedding
1,17,4,26,1.0525613,0,0,1,replayed_after_load_shedding
1,17,4,27,0.931779622944176,0,0,1,replayed_after_load_shedding
1,17,4,28,1.0503737,0,0,1,replayed_after_load_shedding
1,17,4,29,1.0501149,0,0,1,replayed_after_load_shedding
1,17,4,30,1.0499,0,0,1,replayed_after_load_shedding
1,17,4,31,0.982,0,0,1,replayed_after_load_shedding
1,17,4,32,1,0,0,1,replayed_after_load_shedding
1,17,4,33,1,0,0,1,replayed_after_load_shedding
1,17,4,34,1,0,0,1,replayed_after_load_shedding
1,17,4,35,1,0,0,1,replayed_after_load_shedding
1,17,4,36,1,0,0,1,replayed_after_load_shedding
1,17,4,37,1.0275,0,0,1,replayed_after_load_shedding
1,17,4,38,1.0265,0,0,1,replayed_after_load_shedding
1,17,4,39,0.999999999999999,0,0,1,replayed_after_load_shedding
1,18,1,1,0.99698657118726,0,0,1,replayed_pf_result
1,18,1,2,1.01008412398202,0,0,1,replayed_pf_result
1,18,1,3,0.996450354273751,0,0,1,replayed_pf_result
1,18,1,4,0.97975611093021,0,0,1,replayed_pf_result
1,18,1,5,0.983970515310321,0,0,1,replayed_pf_result
1,18,1,6,0.988354827910317,0,0,1,replayed_pf_result
1,18,1,7,0.972880694219517,0,0,1,replayed_pf_result
1,18,1,8,0.970104893641862,0,0,1,replayed_pf_result
1,18,1,9,0.998708364118035,0,0,1,replayed_pf_result
1,18,1,10,1.00613764599756,0,0,1,replayed_pf_result
1,18,1,11,0.998836526101542,0,0,1,replayed_pf_result
1,18,1,12,0.98597650509371,0,0,1,replayed_pf_result
1,18,1,13,1.0005556968995,0,0,1,replayed_pf_result
1,18,1,14,0.991570369099524,0,0,1,replayed_pf_result
1,18,1,15,0.987828467762574,0,0,1,replayed_pf_result
1,18,1,16,1.00155829149204,0,0,1,replayed_pf_result
1,18,1,17,1.00188399971642,0,0,1,replayed_pf_result
1,18,1,18,0.998450573436521,0,0,1,replayed_pf_result
1,18,1,19,1.0375611031401,0,0,1,replayed_pf_result
1,18,1,20,0.978533704171099,0,0,1,replayed_pf_result
1,18,1,21,0.99322186325156,0,0,1,replayed_pf_result
1,18,1,22,1.0035618064706,0,0,1,replayed_pf_result
1,18,1,23,0.996317387117245,0,0,1,replayed_pf_result
1,18,1,24,1.00450540358069,0,0,1,replayed_pf_result
1,18,1,25,1.01775160730606,0,0,1,replayed_pf_result
1,18,1,26,1.01868307540865,0,0,1,replayed_pf_result
1,18,1,27,1.00482166979272,0,0,1,replayed_pf_result
1,18,1,28,1.02134734933609,0,0,1,replayed_pf_result
1,18,1,29,1.02221308912814,0,0,1,replayed_pf_result
1,18,1,30,1,0,0,1,replayed_pf_result
1,18,1,31,1,0,0,1,replayed_pf_result
1,18,1,32,1,0,0,1,replayed_pf_result
1,18,1,33,1,0,0,1,replayed_pf_result
1,18,1,34,1,0,0,1,replayed_pf_result
1,18,1,35,1,0,0,1,replayed_pf_result
1,18,1,36,1,0,0,1,replayed_pf_result
1,18,1,37,1,0,0,1,replayed_pf_result
1,18,1,38,1,0,0,1,replayed_pf_result
1,18,1,39,1,0,0,1,replayed_pf_result
1,19,1,1,0.99698657118726,0,0,1,replayed_pf_result
1,19,1,2,1.01008412398202,0,0,1,replayed_pf_result
1,19,1,3,0.996450354273751,0,0,1,replayed_pf_result
1,19,1,4,0.97975611093021,0,0,1,replayed_pf_result
1,19,1,5,0.983970515310321,0,0,1,replayed_pf_result
1,19,1,6,0.988354827910317,0,0,1,replayed_pf_result
1,19,1,7,0.972880694219517,0,0,1,replayed_pf_result
1,19,1,8,0.970104893641862,0,0,1,replayed_pf_result
1,19,1,9,0.998708364118035,0,0,1,replayed_pf_result
1,19,1,10,1.00613764599756,0,0,1,replayed_pf_result
1,19,1,11,0.998836526101542,0,0,1,replayed_pf_result
1,19,1,12,0.98597650509371,0,0,1,replayed_pf_result
1,19,1,13,1.0005556968995,0,0,1,replayed_pf_result
1,19,1,14,0.991570369099524,0,0,1,replayed_pf_result
1,19,1,15,0.987828467762574,0,0,1,replayed_pf_result
1,19,1,16,1.00155829149204,0,0,1,replayed_pf_result
1,19,1,17,1.00188399971642,0,0,1,replayed_pf_result
1,19,1,18,0.998450573436521,0,0,1,replayed_pf_result
1,19,1,19,1.0375611031401,0,0,1,replayed_pf_result
1,19,1,20,0.978533704171099,0,0,1,replayed_pf_result
1,19,1,21,0.99322186325156,0,0,1,replayed_pf_result
1,19,1,22,1.0035618064706,0,0,1,replayed_pf_result
1,19,1,23,0.996317387117245,0,0,1,replayed_pf_result
1,19,1,24,1.00450540358069,0,0,1,replayed_pf_result
1,19,1,25,1.01775160730606,0,0,1,replayed_pf_result
1,19,1,26,1.01868307540865,0,0,1,replayed_pf_result
1,19,1,27,1.00482166979272,0,0,1,replayed_pf_result
1,19,1,28,1.02134734933609,0,0,1,replayed_pf_result
1,19,1,29,1.02221308912814,0,0,1,replayed_pf_result
1,19,1,30,1,0,0,1,replayed_pf_result
1,19,1,31,1,0,0,1,replayed_pf_result
1,19,1,32,1,0,0,1,replayed_pf_result
1,19,1,33,1,0,0,1,replayed_pf_result
1,19,1,34,1,0,0,1,replayed_pf_result
1,19,1,35,1,0,0,1,replayed_pf_result
1,19,1,36,1,0,0,1,replayed_pf_result
1,19,1,37,1,0,0,1,replayed_pf_result
1,19,1,38,1,0,0,1,replayed_pf_result
1,19,1,39,1,0,0,1,replayed_pf_result
1,19,2,1,0.99698657118726,0,0,1,replayed_pf_result
1,19,2,2,1.0207447811562,0,0,1,replayed_pf_result
1,19,2,3,0.958523980866124,0,0,1,replayed_pf_result
1,19,2,4,0.957363944933733,0,0,1,replayed_pf_result
1,19,2,5,0.968524620975131,0,0,1,replayed_pf_result
1,19,2,6,0.974093202061123,0,0,1,replayed_pf_result
1,19,2,7,0.958657686864637,0,0,1,replayed_pf_result
1,19,2,8,0.956039406580139,0,0,1,replayed_pf_result
1,19,2,9,0.992702183146734,0,0,1,replayed_pf_result
1,19,2,10,0.993275805935978,0,0,1,replayed_pf_result
1,19,2,11,0.98540207950121,0,0,1,replayed_pf_result
1,19,2,12,0.97153985843241,0,0,1,replayed_pf_result
1,19,2,13,0.985874155304742,0,0,1,replayed_pf_result
1,19,2,14,0.972513412515968,0,0,1,replayed_pf_result
1,19,2,15,0.966580908543845,0,0,1,replayed_pf_result
1,19,2,16,0.980432104393048,0,0,1,replayed_pf_result
1,19,2,17,0.968214091546166,0,0,1,replayed_pf_result
1,19,2,18,0.961913322954923,0,0,1,replayed_pf_result
1,19,2,19,1.02979281153721,0,0,1,replayed_pf_result
1,19,2,20,0.974292158739667,0,0,1,replayed_pf_result
1,19,2,21,0.978319169624768,0,0,1,replayed_pf_result
1,19,2,22,0.995571575840568,0,0,1,replayed_pf_result
1,19,2,23,0.988041718533426,0,0,1,replayed_pf_result
1,19,2,24,0.98524621721233,0,0,1,replayed_pf_result
1,19,2,25,0.991109673576248,0,0,1,replayed_pf_result
1,19,2,26,0.973359229560763,0,0,1,replayed_pf_result
1,19,2,27,0.958058285685088,0,0,1,replayed_pf_result
1,19,2,28,0.997962684733876,0,0,1,replayed_pf_result
1,19,2,29,1.00618791514158,0,0,1,replayed_pf_result
1,19,2,30,1,0,0,1,replayed_pf_result
1,19,2,31,1,0,0,1,replayed_pf_result
1,19,2,32,1,0,0,1,replayed_pf_result
1,19,2,33,1,0,0,1,replayed_pf_result
1,19,2,34,1,0,0,1,replayed_pf_result
1,19,2,35,1,0,0,1,replayed_pf_result
1,19,2,36,1,0,0,1,replayed_pf_result
1,19,2,37,1,0,0,1,replayed_pf_result
1,19,2,38,1,0,0,1,replayed_pf_result
1,19,2,39,1,0,0,1,replayed_pf_result
1,19,3,1,0.99698657118726,0,0,1,replayed_pf_result
1,19,3,2,1.0484941,0,0,1,replayed_pf_result
1,19,3,3,0.925215972975762,0,0,1,replayed_pf_result
1,19,3,4,0.913178361353013,0,0,1,replayed_pf_result
1,19,3,5,0.918758852447712,0,0,1,replayed_pf_result
1,19,3,6,0.923894426865237,0,0,1,replayed_pf_result
1,19,3,7,0.909953690701251,0,0,1,replayed_pf_result
1,19,3,8,0.908713543098492,0,0,1,replayed_pf_result
1,19,3,9,0.972424001738394,0,0,1,replayed_pf_result
1,19,3,10,0.957838552458309,0,0,1,replayed_pf_result
1,19,3,11,0.945152171484477,0,0,1,replayed_pf_result
1,19,3,12,0.931718820753841,0,0,1,replayed_pf_result
1,19,3,13,0.948781030081548,0,0,1,replayed_pf_result
1,19,3,14,0.934272796169633,0,0,1,replayed_pf_result
1,19,3,15,0.941566213007301,0,0,1,replayed_pf_result
1,19,3,16,0.961441796697549,0,0,1,replayed_pf_result
1,19,3,17,0.944114417603475,0,0,1,replayed_pf_result
1,19,3,18,0.935323060402858,0,0,1,replayed_pf_result
1,19,3,19,1.02280884848291,0,0,1,replayed_pf_result
1,19,3,20,0.970478302947161,0,0,1,replayed_pf_result
1,19,3,21,0.964912956167397,0,0,1,replayed_pf_result
1,19,3,22,0.988381998494278,0,0,1,replayed_pf_result
1,19,3,23,0.980595420246477,0,0,1,replayed_pf_result
1,19,3,24,0.967933498131269,0,0,1,replayed_pf_result
1,19,3,25,1.0576827,0,0,1,replayed_pf_result
1,19,3,26,1.0525613,0,0,1,replayed_pf_result
1,19,3,27,0.927259146279132,0,0,1,replayed_pf_result
1,19,3,28,1.0503737,0,0,1,replayed_pf_result
1,19,3,29,1.0501149,0,0,1,replayed_pf_result
1,19,3,30,1.0499,0,0,1,replayed_pf_result
1,19,3,31,1,0,0,1,replayed_pf_result
1,19,3,32,1,0,0,1,replayed_pf_result
1,19,3,33,1,0,0,1,replayed_pf_result
1,19,3,34,1,0,0,1,replayed_pf_result
1,19,3,35,1,0,0,1,replayed_pf_result
1,19,3,36,1,0,0,1,replayed_pf_result
1,19,3,37,1.0275,0,0,1,replayed_pf_result
1,19,3,38,1.0265,0,0,1,replayed_pf_result
1,19,3,39,1,0,0,1,replayed_pf_result
1,19,4,1,0.998275277890185,0,0,1,replayed_after_load_shedding
1,19,4,2,1.0484941,0,0,1,replayed_after_load_shedding
1,19,4,3,0.925665008846109,0,0,1,replayed_after_load_shedding
1,19,4,4,0.90951709964889,0,0,1,replayed_after_load_shedding
1,19,4,5,0.904900292266951,0,0,1,replayed_after_load_shedding
1,19,4,6,0.908648461645314,0,0,1,replayed_after_load_shedding
1,19,4,7,0.890332918482282,0.00966708151771811,0.565329768535458,1,replayed_after_load_shedding
1,19,4,8,0.885766885486398,0.0142331145136021,0.834257065777697,1,replayed_after_load_shedding
1,19,4,9,0.929728608761259,0,0,1,replayed_after_load_shedding
1,19,4,10,0.951665208823484,0,0,1,replayed_after_load_shedding
1,19,4,11,0.936051349612146,0,0,1,replayed_after_load_shedding
1,19,4,12,0.926920656102412,0,0,1,replayed_after_load_shedding
1,19,4,13,0.944276482588204,0,0,1,replayed_after_load_shedding
1,19,4,14,0.932447887974939,0,0,1,replayed_after_load_shedding
1,19,4,15,0.944101003794455,0,0,1,replayed_after_load_shedding
1,19,4,16,0.963383370248527,0,0,1,replayed_after_load_shedding
1,19,4,17,0.946460338592662,0,0,1,replayed_after_load_shedding
1,19,4,18,0.937093481774224,0,0,1,replayed_after_load_shedding
1,19,4,19,1.02391592372496,0,0,1,replayed_after_load_shedding
1,19,4,20,0.972303725610761,0,0,1,replayed_after_load_shedding
1,19,4,21,0.967360676831472,0,0,1,replayed_after_load_shedding
1,19,4,22,0.98975827187741,0,0,1,replayed_after_load_shedding
1,19,4,23,0.98219378892498,0,0,1,replayed_after_load_shedding
1,19,4,24,0.96931991416897,0,0,1,replayed_after_load_shedding
1,19,4,25,1.0576827,0,0,1,replayed_after_load_shedding
1,19,4,26,1.0525613,0,0,1,replayed_after_load_shedding
1,19,4,27,0.931779622944176,0,0,1,replayed_after_load_shedding
1,19,4,28,1.0503737,0,0,1,replayed_after_load_shedding
1,19,4,29,1.0501149,0,0,1,replayed_after_load_shedding
1,19,4,30,1.0499,0,0,1,replayed_after_load_shedding
1,19,4,31,0.982,0,0,1,replayed_after_load_shedding
1,19,4,32,1,0,0,1,replayed_after_load_shedding
1,19,4,33,1,0,0,1,replayed_after_load_shedding
1,19,4,34,1,0,0,1,replayed_after_load_shedding
1,19,4,35,1,0,0,1,replayed_after_load_shedding
1,19,4,36,1,0,0,1,replayed_after_load_shedding
1,19,4,37,1.0275,0,0,1,replayed_after_load_shedding
1,19,4,38,1.0265,0,0,1,replayed_after_load_shedding
1,19,4,39,0.999999999999999,0,0,1,replayed_after_load_shedding
1,20,1,1,0.99698657118726,0,0,1,replayed_pf_result
1,20,1,2,1.01008412398202,0,0,1,replayed_pf_result
1,20,1,3,0.996450354273751,0,0,1,replayed_pf_result
1,20,1,4,0.97975611093021,0,0,1,replayed_pf_result
1,20,1,5,0.983970515310321,0,0,1,replayed_pf_result
1,20,1,6,0.988354827910317,0,0,1,replayed_pf_result
1,20,1,7,0.972880694219517,0,0,1,replayed_pf_result
1,20,1,8,0.970104893641862,0,0,1,replayed_pf_result
1,20,1,9,0.998708364118035,0,0,1,replayed_pf_result
1,20,1,10,1.00613764599756,0,0,1,replayed_pf_result
1,20,1,11,0.998836526101542,0,0,1,replayed_pf_result
1,20,1,12,0.98597650509371,0,0,1,replayed_pf_result
1,20,1,13,1.0005556968995,0,0,1,replayed_pf_result
1,20,1,14,0.991570369099524,0,0,1,replayed_pf_result
1,20,1,15,0.987828467762574,0,0,1,replayed_pf_result
1,20,1,16,1.00155829149204,0,0,1,replayed_pf_result
1,20,1,17,1.00188399971642,0,0,1,replayed_pf_result
1,20,1,18,0.998450573436521,0,0,1,replayed_pf_result
1,20,1,19,1.0375611031401,0,0,1,replayed_pf_result
1,20,1,20,0.978533704171099,0,0,1,replayed_pf_result
1,20,1,21,0.99322186325156,0,0,1,replayed_pf_result
1,20,1,22,1.0035618064706,0,0,1,replayed_pf_result
1,20,1,23,0.996317387117245,0,0,1,replayed_pf_result
1,20,1,24,1.00450540358069,0,0,1,replayed_pf_result
1,20,1,25,1.01775160730606,0,0,1,replayed_pf_result
1,20,1,26,1.01868307540865,0,0,1,replayed_pf_result
1,20,1,27,1.00482166979272,0,0,1,replayed_pf_result
1,20,1,28,1.02134734933609,0,0,1,replayed_pf_result
1,20,1,29,1.02221308912814,0,0,1,replayed_pf_result
1,20,1,30,1,0,0,1,replayed_pf_result
1,20,1,31,1,0,0,1,replayed_pf_result
1,20,1,32,1,0,0,1,replayed_pf_result
1,20,1,33,1,0,0,1,replayed_pf_result
1,20,1,34,1,0,0,1,replayed_pf_result
1,20,1,35,1,0,0,1,replayed_pf_result
1,20,1,36,1,0,0,1,replayed_pf_result
1,20,1,37,1,0,0,1,replayed_pf_result
1,20,1,38,1,0,0,1,replayed_pf_result
1,20,1,39,1,0,0,1,replayed_pf_result
1,20,2,1,0.99698657118726,0,0,1,replayed_pf_result
1,20,2,2,1.0207447811562,0,0,1,replayed_pf_result
1,20,2,3,0.958523980866124,0,0,1,replayed_pf_result
1,20,2,4,0.957363944933733,0,0,1,replayed_pf_result
1,20,2,5,0.968524620975131,0,0,1,replayed_pf_result
1,20,2,6,0.974093202061123,0,0,1,replayed_pf_result
1,20,2,7,0.958657686864637,0,0,1,replayed_pf_result
1,20,2,8,0.956039406580139,0,0,1,replayed_pf_result
1,20,2,9,0.992702183146734,0,0,1,replayed_pf_result
1,20,2,10,0.993275805935978,0,0,1,replayed_pf_result
1,20,2,11,0.98540207950121,0,0,1,replayed_pf_result
1,20,2,12,0.97153985843241,0,0,1,replayed_pf_result
1,20,2,13,0.985874155304742,0,0,1,replayed_pf_result
1,20,2,14,0.972513412515968,0,0,1,replayed_pf_result
1,20,2,15,0.966580908543845,0,0,1,replayed_pf_result
1,20,2,16,0.980432104393048,0,0,1,replayed_pf_result
1,20,2,17,0.968214091546166,0,0,1,replayed_pf_result
1,20,2,18,0.961913322954923,0,0,1,replayed_pf_result
1,20,2,19,1.02979281153721,0,0,1,replayed_pf_result
1,20,2,20,0.974292158739667,0,0,1,replayed_pf_result
1,20,2,21,0.978319169624768,0,0,1,replayed_pf_result
1,20,2,22,0.995571575840568,0,0,1,replayed_pf_result
1,20,2,23,0.988041718533426,0,0,1,replayed_pf_result
1,20,2,24,0.98524621721233,0,0,1,replayed_pf_result
1,20,2,25,0.991109673576248,0,0,1,replayed_pf_result
1,20,2,26,0.973359229560763,0,0,1,replayed_pf_result
1,20,2,27,0.958058285685088,0,0,1,replayed_pf_result
1,20,2,28,0.997962684733876,0,0,1,replayed_pf_result
1,20,2,29,1.00618791514158,0,0,1,replayed_pf_result
1,20,2,30,1,0,0,1,replayed_pf_result
1,20,2,31,1,0,0,1,replayed_pf_result
1,20,2,32,1,0,0,1,replayed_pf_result
1,20,2,33,1,0,0,1,replayed_pf_result
1,20,2,34,1,0,0,1,replayed_pf_result
1,20,2,35,1,0,0,1,replayed_pf_result
1,20,2,36,1,0,0,1,replayed_pf_result
1,20,2,37,1,0,0,1,replayed_pf_result
1,20,2,38,1,0,0,1,replayed_pf_result
1,20,2,39,1,0,0,1,replayed_pf_result
1,20,3,1,0.99698657118726,0,0,1,replayed_pf_result
1,20,3,2,1.0484941,0,0,1,replayed_pf_result
1,20,3,3,0.925215972975762,0,0,1,replayed_pf_result
1,20,3,4,0.913178361353013,0,0,1,replayed_pf_result
1,20,3,5,0.918758852447712,0,0,1,replayed_pf_result
1,20,3,6,0.923894426865237,0,0,1,replayed_pf_result
1,20,3,7,0.909953690701251,0,0,1,replayed_pf_result
1,20,3,8,0.908713543098492,0,0,1,replayed_pf_result
1,20,3,9,0.972424001738394,0,0,1,replayed_pf_result
1,20,3,10,0.957838552458309,0,0,1,replayed_pf_result
1,20,3,11,0.945152171484477,0,0,1,replayed_pf_result
1,20,3,12,0.931718820753841,0,0,1,replayed_pf_result
1,20,3,13,0.948781030081548,0,0,1,replayed_pf_result
1,20,3,14,0.934272796169633,0,0,1,replayed_pf_result
1,20,3,15,0.941566213007301,0,0,1,replayed_pf_result
1,20,3,16,0.961441796697549,0,0,1,replayed_pf_result
1,20,3,17,0.944114417603475,0,0,1,replayed_pf_result
1,20,3,18,0.935323060402858,0,0,1,replayed_pf_result
1,20,3,19,1.02280884848291,0,0,1,replayed_pf_result
1,20,3,20,0.970478302947161,0,0,1,replayed_pf_result
1,20,3,21,0.964912956167397,0,0,1,replayed_pf_result
1,20,3,22,0.988381998494278,0,0,1,replayed_pf_result
1,20,3,23,0.980595420246477,0,0,1,replayed_pf_result
1,20,3,24,0.967933498131269,0,0,1,replayed_pf_result
1,20,3,25,1.0576827,0,0,1,replayed_pf_result
1,20,3,26,1.0525613,0,0,1,replayed_pf_result
1,20,3,27,0.927259146279132,0,0,1,replayed_pf_result
1,20,3,28,1.0503737,0,0,1,replayed_pf_result
1,20,3,29,1.0501149,0,0,1,replayed_pf_result
1,20,3,30,1.0499,0,0,1,replayed_pf_result
1,20,3,31,1,0,0,1,replayed_pf_result
1,20,3,32,1,0,0,1,replayed_pf_result
1,20,3,33,1,0,0,1,replayed_pf_result
1,20,3,34,1,0,0,1,replayed_pf_result
1,20,3,35,1,0,0,1,replayed_pf_result
1,20,3,36,1,0,0,1,replayed_pf_result
1,20,3,37,1.0275,0,0,1,replayed_pf_result
1,20,3,38,1.0265,0,0,1,replayed_pf_result
1,20,3,39,1,0,0,1,replayed_pf_result
1,20,4,1,0.998275277890185,0,0,1,replayed_after_load_shedding
1,20,4,2,1.0484941,0,0,1,replayed_after_load_shedding
1,20,4,3,0.917407554133607,0,0,1,replayed_after_load_shedding
1,20,4,4,0.898403774913358,0.00159622508664181,0.0929707633266957,1,replayed_after_load_shedding
1,20,4,5,0.887218832253857,0.0127811677461427,0.748608043057836,1,replayed_after_load_shedding
1,20,4,6,0.914704854401744,0,0,1,replayed_after_load_shedding
1,20,4,7,0.887698456398281,0.0123015436017189,0.720342763452103,1,replayed_after_load_shedding
1,20,4,8,0.878582289231083,0.0214177107689167,1.2599048556751,1,replayed_after_load_shedding
1,20,4,9,0.9259746979369,0,0,1,replayed_after_load_shedding
1,20,4,10,0.951803358535037,0,0,1,replayed_after_load_shedding
1,20,4,11,0.938155970008811,0,0,1,replayed_after_load_shedding
1,20,4,12,0.927075705210228,0,0,1,replayed_after_load_shedding
1,20,4,13,0.942515071034222,0,0,1,replayed_after_load_shedding
1,20,4,14,0.926370666047193,0,0,1,replayed_after_load_shedding
1,20,4,15,0.93956275589842,0,0,1,replayed_after_load_shedding
1,20,4,16,0.959619289930972,0,0,1,replayed_after_load_shedding
1,20,4,17,0.941227727842521,0,0,1,replayed_after_load_shedding
1,20,4,18,0.930663398413723,0,0,1,replayed_after_load_shedding
1,20,4,19,1.02253092778823,0,0,1,replayed_after_load_shedding
1,20,4,20,0.971548697869572,0,0,1,replayed_after_load_shedding
1,20,4,21,0.96470390534811,0,0,1,replayed_after_load_shedding
1,20,4,22,0.988332894035666,0,0,1,replayed_after_load_shedding
1,20,4,23,0.980717397024118,0,0,1,replayed_after_load_shedding
1,20,4,24,0.965886172513505,0,0,1,replayed_after_load_shedding
1,20,4,25,1.0576827,0,0,1,replayed_after_load_shedding
1,20,4,26,1.0525613,0,0,1,replayed_after_load_shedding
1,20,4,27,0.92641934346192,0,0,1,replayed_after_load_shedding
1,20,4,28,1.0503737,0,0,1,replayed_after_load_shedding
1,20,4,29,1.0501149,0,0,1,replayed_after_load_shedding
1,20,4,30,1.0499,0,0,1,replayed_after_load_shedding
1,20,4,31,0.982,0,0,1,replayed_after_load_shedding
1,20,4,32,1,0,0,1,replayed_after_load_shedding
1,20,4,33,1,0,0,1,replayed_after_load_shedding
1,20,4,34,1,0,0,1,replayed_after_load_shedding
1,20,4,35,1,0,0,1,replayed_after_load_shedding
1,20,4,36,1,0,0,1,replayed_after_load_shedding
1,20,4,37,1.0275,0,0,1,replayed_after_load_shedding
1,20,4,38,1.0265,0,0,1,replayed_after_load_shedding
1,20,4,39,0.999999999999999,0,0,1,replayed_after_load_shedding
1,20,5,1,1.0393836,0,0,1,replayed_pf_result
1,20,5,2,1.0484941,0,0,1,replayed_pf_result
1,20,5,3,0.854373582614873,0.0456264173851272,2.71686020565229,1,replayed_pf_result
1,20,5,4,0.819583657694246,0.0804163423057537,4.87336701265248,1,replayed_pf_result
1,20,5,5,0.804454016551841,0.0955459834481595,5.83486439371717,1,replayed_pf_result
1,20,5,6,0.820692642150241,0.0793073578497587,4.80346098173547,1,replayed_pf_result
1,20,5,7,0.795789702643702,0.104210297356298,6.39207280647585,1,replayed_pf_result
1,20,5,8,0.789986584936756,0.110013415063244,6.76798436520286,1,replayed_pf_result
1,20,5,9,1.038332,0,0,1,replayed_pf_result
1,20,5,10,0.868449562705534,0.0315504372944663,1.8654348625888,1,replayed_pf_result
1,20,5,11,0.849628568954865,0.0503714310451352,3.0065873227908,1,replayed_pf_result
1,20,5,12,0.838273543501243,0.0617264564987572,3.70552394205238,1,replayed_pf_result
1,20,5,13,0.858419466566089,0.0415805334339113,2.47090497139262,1,replayed_pf_result
1,20,5,14,0.847258323745405,0.0527416762545948,3.15182848272083,1,replayed_pf_result
1,20,5,15,0.88897042257277,0.0110295774272301,0.645448684740118,1,replayed_pf_result
1,20,5,16,0.922717227281239,0,0,1,replayed_pf_result
1,20,5,17,0.895502093108555,0.00449790689144547,0.262357291066566,1,replayed_pf_result
1,20,5,18,0.878019526284838,0.0219804737151617,1.29337479300098,1,replayed_pf_result
1,20,5,19,1.00894997209057,0,0,1,replayed_pf_result
1,20,5,20,0.964144127141433,0,0,1,replayed_pf_result
1,20,5,21,0.938635402852623,0,0,1,replayed_pf_result
1,20,5,22,0.974343081014355,0,0,1,replayed_pf_result
1,20,5,23,0.966227012683437,0,0,1,replayed_pf_result
1,20,5,24,0.932220009467754,0,0,1,replayed_pf_result
1,20,5,25,1.0576827,0,0,1,replayed_pf_result
1,20,5,26,1.0525613,0,0,1,replayed_pf_result
1,20,5,27,0.879507293825165,0.0204927061748351,1.20493175425066,1,replayed_pf_result
1,20,5,28,1.0503737,0,0,1,replayed_pf_result
1,20,5,29,1.0501149,0,0,1,replayed_pf_result
1,20,5,30,1.0499,0,0,1,replayed_pf_result
1,20,5,31,0.982,0,0,1,replayed_pf_result
1,20,5,32,1,0,0,1,replayed_pf_result
1,20,5,33,1,0,0,1,replayed_pf_result
1,20,5,34,1,0,0,1,replayed_pf_result
1,20,5,35,1,0,0,1,replayed_pf_result
1,20,5,36,1,0,0,1,replayed_pf_result
1,20,5,37,1.0275,0,0,1,replayed_pf_result
1,20,5,38,1.0265,0,0,1,replayed_pf_result
1,20,5,39,1.03,0,0,1,replayed_pf_result
2,1,1,1,1.00501439845347,0,0,1,replayed_pf_result
2,1,1,2,1.01283319349796,0,0,1,replayed_pf_result
2,1,1,3,1.00018360880071,0,0,1,replayed_pf_result
2,1,1,4,0.984011999499589,0,0,1,replayed_pf_result
2,1,1,5,0.989110789260183,0,0,1,replayed_pf_result
2,1,1,6,0.99325626130812,0,0,1,replayed_pf_result
2,1,1,7,0.979084430172733,0,0,1,replayed_pf_result
2,1,1,8,0.976796372877981,0,0,1,replayed_pf_result
2,1,1,9,1.0055462636489,0,0,1,replayed_pf_result
2,1,1,10,1.00941881402965,0,0,1,replayed_pf_result
2,1,1,11,1.00270127871663,0,0,1,replayed_pf_result
2,1,1,12,0.989658114478574,0,0,1,replayed_pf_result
2,1,1,13,1.00386216703729,0,0,1,replayed_pf_result
2,1,1,14,0.994963553896006,0,0,1,replayed_pf_result
2,1,1,15,0.990211750304725,0,0,1,replayed_pf_result
2,1,1,16,1.00336134700442,0,0,1,replayed_pf_result
2,1,1,17,1.00424184708451,0,0,1,replayed_pf_result
2,1,1,18,1.00133785332035,0,0,1,replayed_pf_result
2,1,1,19,1.03822404750302,0,0,1,replayed_pf_result
2,1,1,20,0.978895646757687,0,0,1,replayed_pf_result
2,1,1,21,0.99449322989502,0,0,1,replayed_pf_result
2,1,1,22,1.00424337339313,0,0,1,replayed_pf_result
2,1,1,23,0.997023307726634,0,0,1,replayed_pf_result
2,1,1,24,1.00614908361499,0,0,1,replayed_pf_result
2,1,1,25,1.02058468073162,0,0,1,replayed_pf_result
2,1,1,26,1.02098367228899,0,0,1,replayed_pf_result
2,1,1,27,1.00724512448944,0,0,1,replayed_pf_result
2,1,1,28,1.02253390718107,0,0,1,replayed_pf_result
2,1,1,29,1.02302621370972,0,0,1,replayed_pf_result
2,1,1,30,1,0,0,1,replayed_pf_result
2,1,1,31,1,0,0,1,replayed_pf_result
2,1,1,32,1,0,0,1,replayed_pf_result
2,1,1,33,1,0,0,1,replayed_pf_result
2,1,1,34,1,0,0,1,replayed_pf_result
2,1,1,35,1,0,0,1,replayed_pf_result
2,1,1,36,1,0,0,1,replayed_pf_result
2,1,1,37,1,0,0,1,replayed_pf_result
2,1,1,38,1,0,0,1,replayed_pf_result
2,1,1,39,1,0,0,1,replayed_pf_result
2,2,1,1,1.00501439845347,0,0,1,replayed_pf_result
2,2,1,2,1.01283319349796,0,0,1,replayed_pf_result
2,2,1,3,1.00018360880071,0,0,1,replayed_pf_result
2,2,1,4,0.984011999499589,0,0,1,replayed_pf_result
2,2,1,5,0.989110789260183,0,0,1,replayed_pf_result
2,2,1,6,0.99325626130812,0,0,1,replayed_pf_result
2,2,1,7,0.979084430172733,0,0,1,replayed_pf_result
2,2,1,8,0.976796372877981,0,0,1,replayed_pf_result
2,2,1,9,1.0055462636489,0,0,1,replayed_pf_result
2,2,1,10,1.00941881402965,0,0,1,replayed_pf_result
2,2,1,11,1.00270127871663,0,0,1,replayed_pf_result
2,2,1,12,0.989658114478574,0,0,1,replayed_pf_result
2,2,1,13,1.00386216703729,0,0,1,replayed_pf_result
2,2,1,14,0.994963553896006,0,0,1,replayed_pf_result
2,2,1,15,0.990211750304725,0,0,1,replayed_pf_result
2,2,1,16,1.00336134700442,0,0,1,replayed_pf_result
2,2,1,17,1.00424184708451,0,0,1,replayed_pf_result
2,2,1,18,1.00133785332035,0,0,1,replayed_pf_result
2,2,1,19,1.03822404750302,0,0,1,replayed_pf_result
2,2,1,20,0.978895646757687,0,0,1,replayed_pf_result
2,2,1,21,0.99449322989502,0,0,1,replayed_pf_result
2,2,1,22,1.00424337339313,0,0,1,replayed_pf_result
2,2,1,23,0.997023307726634,0,0,1,replayed_pf_result
2,2,1,24,1.00614908361499,0,0,1,replayed_pf_result
2,2,1,25,1.02058468073162,0,0,1,replayed_pf_result
2,2,1,26,1.02098367228899,0,0,1,replayed_pf_result
2,2,1,27,1.00724512448944,0,0,1,replayed_pf_result
2,2,1,28,1.02253390718107,0,0,1,replayed_pf_result
2,2,1,29,1.02302621370972,0,0,1,replayed_pf_result
2,2,1,30,1,0,0,1,replayed_pf_result
2,2,1,31,1,0,0,1,replayed_pf_result
2,2,1,32,1,0,0,1,replayed_pf_result
2,2,1,33,1,0,0,1,replayed_pf_result
2,2,1,34,1,0,0,1,replayed_pf_result
2,2,1,35,1,0,0,1,replayed_pf_result
2,2,1,36,1,0,0,1,replayed_pf_result
2,2,1,37,1,0,0,1,replayed_pf_result
2,2,1,38,1,0,0,1,replayed_pf_result
2,2,1,39,1,0,0,1,replayed_pf_result
2,3,1,1,1.00501439845347,0,0,1,replayed_pf_result
2,3,1,2,1.01283319349796,0,0,1,replayed_pf_result
2,3,1,3,1.00018360880071,0,0,1,replayed_pf_result
2,3,1,4,0.984011999499589,0,0,1,replayed_pf_result
2,3,1,5,0.989110789260183,0,0,1,replayed_pf_result
2,3,1,6,0.99325626130812,0,0,1,replayed_pf_result
2,3,1,7,0.979084430172733,0,0,1,replayed_pf_result
2,3,1,8,0.976796372877981,0,0,1,replayed_pf_result
2,3,1,9,1.0055462636489,0,0,1,replayed_pf_result
2,3,1,10,1.00941881402965,0,0,1,replayed_pf_result
2,3,1,11,1.00270127871663,0,0,1,replayed_pf_result
2,3,1,12,0.989658114478574,0,0,1,replayed_pf_result
2,3,1,13,1.00386216703729,0,0,1,replayed_pf_result
2,3,1,14,0.994963553896006,0,0,1,replayed_pf_result
2,3,1,15,0.990211750304725,0,0,1,replayed_pf_result
2,3,1,16,1.00336134700442,0,0,1,replayed_pf_result
2,3,1,17,1.00424184708451,0,0,1,replayed_pf_result
2,3,1,18,1.00133785332035,0,0,1,replayed_pf_result
2,3,1,19,1.03822404750302,0,0,1,replayed_pf_result
2,3,1,20,0.978895646757687,0,0,1,replayed_pf_result
2,3,1,21,0.99449322989502,0,0,1,replayed_pf_result
2,3,1,22,1.00424337339313,0,0,1,replayed_pf_result
2,3,1,23,0.997023307726634,0,0,1,replayed_pf_result
2,3,1,24,1.00614908361499,0,0,1,replayed_pf_result
2,3,1,25,1.02058468073162,0,0,1,replayed_pf_result
2,3,1,26,1.02098367228899,0,0,1,replayed_pf_result
2,3,1,27,1.00724512448944,0,0,1,replayed_pf_result
2,3,1,28,1.02253390718107,0,0,1,replayed_pf_result
2,3,1,29,1.02302621370972,0,0,1,replayed_pf_result
2,3,1,30,1,0,0,1,replayed_pf_result
2,3,1,31,1,0,0,1,replayed_pf_result
2,3,1,32,1,0,0,1,replayed_pf_result
2,3,1,33,1,0,0,1,replayed_pf_result
2,3,1,34,1,0,0,1,replayed_pf_result
2,3,1,35,1,0,0,1,replayed_pf_result
2,3,1,36,1,0,0,1,replayed_pf_result
2,3,1,37,1,0,0,1,replayed_pf_result
2,3,1,38,1,0,0,1,replayed_pf_result
2,3,1,39,1,0,0,1,replayed_pf_result
2,4,1,1,1.00501439845347,0,0,1,replayed_pf_result
2,4,1,2,1.01283319349796,0,0,1,replayed_pf_result
2,4,1,3,1.00018360880071,0,0,1,replayed_pf_result
2,4,1,4,0.984011999499589,0,0,1,replayed_pf_result
2,4,1,5,0.989110789260183,0,0,1,replayed_pf_result
2,4,1,6,0.99325626130812,0,0,1,replayed_pf_result
2,4,1,7,0.979084430172733,0,0,1,replayed_pf_result
2,4,1,8,0.976796372877981,0,0,1,replayed_pf_result
2,4,1,9,1.0055462636489,0,0,1,replayed_pf_result
2,4,1,10,1.00941881402965,0,0,1,replayed_pf_result
2,4,1,11,1.00270127871663,0,0,1,replayed_pf_result
2,4,1,12,0.989658114478574,0,0,1,replayed_pf_result
2,4,1,13,1.00386216703729,0,0,1,replayed_pf_result
2,4,1,14,0.994963553896006,0,0,1,replayed_pf_result
2,4,1,15,0.990211750304725,0,0,1,replayed_pf_result
2,4,1,16,1.00336134700442,0,0,1,replayed_pf_result
2,4,1,17,1.00424184708451,0,0,1,replayed_pf_result
2,4,1,18,1.00133785332035,0,0,1,replayed_pf_result
2,4,1,19,1.03822404750302,0,0,1,replayed_pf_result
2,4,1,20,0.978895646757687,0,0,1,replayed_pf_result
2,4,1,21,0.99449322989502,0,0,1,replayed_pf_result
2,4,1,22,1.00424337339313,0,0,1,replayed_pf_result
2,4,1,23,0.997023307726634,0,0,1,replayed_pf_result
2,4,1,24,1.00614908361499,0,0,1,replayed_pf_result
2,4,1,25,1.02058468073162,0,0,1,replayed_pf_result
2,4,1,26,1.02098367228899,0,0,1,replayed_pf_result
2,4,1,27,1.00724512448944,0,0,1,replayed_pf_result
2,4,1,28,1.02253390718107,0,0,1,replayed_pf_result
2,4,1,29,1.02302621370972,0,0,1,replayed_pf_result
2,4,1,30,1,0,0,1,replayed_pf_result
2,4,1,31,1,0,0,1,replayed_pf_result
2,4,1,32,1,0,0,1,replayed_pf_result
2,4,1,33,1,0,0,1,replayed_pf_result
2,4,1,34,1,0,0,1,replayed_pf_result
2,4,1,35,1,0,0,1,replayed_pf_result
2,4,1,36,1,0,0,1,replayed_pf_result
2,4,1,37,1,0,0,1,replayed_pf_result
2,4,1,38,1,0,0,1,replayed_pf_result
2,4,1,39,1,0,0,1,replayed_pf_result
2,5,1,1,1.00501439845347,0,0,1,replayed_pf_result
2,5,1,2,1.01283319349796,0,0,1,replayed_pf_result
2,5,1,3,1.00018360880071,0,0,1,replayed_pf_result
2,5,1,4,0.984011999499589,0,0,1,replayed_pf_result
2,5,1,5,0.989110789260183,0,0,1,replayed_pf_result
2,5,1,6,0.99325626130812,0,0,1,replayed_pf_result
2,5,1,7,0.979084430172733,0,0,1,replayed_pf_result
2,5,1,8,0.976796372877981,0,0,1,replayed_pf_result
2,5,1,9,1.0055462636489,0,0,1,replayed_pf_result
2,5,1,10,1.00941881402965,0,0,1,replayed_pf_result
2,5,1,11,1.00270127871663,0,0,1,replayed_pf_result
2,5,1,12,0.989658114478574,0,0,1,replayed_pf_result
2,5,1,13,1.00386216703729,0,0,1,replayed_pf_result
2,5,1,14,0.994963553896006,0,0,1,replayed_pf_result
2,5,1,15,0.990211750304725,0,0,1,replayed_pf_result
2,5,1,16,1.00336134700442,0,0,1,replayed_pf_result
2,5,1,17,1.00424184708451,0,0,1,replayed_pf_result
2,5,1,18,1.00133785332035,0,0,1,replayed_pf_result
2,5,1,19,1.03822404750302,0,0,1,replayed_pf_result
2,5,1,20,0.978895646757687,0,0,1,replayed_pf_result
2,5,1,21,0.99449322989502,0,0,1,replayed_pf_result
2,5,1,22,1.00424337339313,0,0,1,replayed_pf_result
2,5,1,23,0.997023307726634,0,0,1,replayed_pf_result
2,5,1,24,1.00614908361499,0,0,1,replayed_pf_result
2,5,1,25,1.02058468073162,0,0,1,replayed_pf_result
2,5,1,26,1.02098367228899,0,0,1,replayed_pf_result
2,5,1,27,1.00724512448944,0,0,1,replayed_pf_result
2,5,1,28,1.02253390718107,0,0,1,replayed_pf_result
2,5,1,29,1.02302621370972,0,0,1,replayed_pf_result
2,5,1,30,1,0,0,1,replayed_pf_result
2,5,1,31,1,0,0,1,replayed_pf_result
2,5,1,32,1,0,0,1,replayed_pf_result
2,5,1,33,1,0,0,1,replayed_pf_result
2,5,1,34,1,0,0,1,replayed_pf_result
2,5,1,35,1,0,0,1,replayed_pf_result
2,5,1,36,1,0,0,1,replayed_pf_result
2,5,1,37,1,0,0,1,replayed_pf_result
2,5,1,38,1,0,0,1,replayed_pf_result
2,5,1,39,1,0,0,1,replayed_pf_result
2,6,1,1,1.00501439845347,0,0,1,replayed_pf_result
2,6,1,2,1.01283319349796,0,0,1,replayed_pf_result
2,6,1,3,1.00018360880071,0,0,1,replayed_pf_result
2,6,1,4,0.984011999499589,0,0,1,replayed_pf_result
2,6,1,5,0.989110789260183,0,0,1,replayed_pf_result
2,6,1,6,0.99325626130812,0,0,1,replayed_pf_result
2,6,1,7,0.979084430172733,0,0,1,replayed_pf_result
2,6,1,8,0.976796372877981,0,0,1,replayed_pf_result
2,6,1,9,1.0055462636489,0,0,1,replayed_pf_result
2,6,1,10,1.00941881402965,0,0,1,replayed_pf_result
2,6,1,11,1.00270127871663,0,0,1,replayed_pf_result
2,6,1,12,0.989658114478574,0,0,1,replayed_pf_result
2,6,1,13,1.00386216703729,0,0,1,replayed_pf_result
2,6,1,14,0.994963553896006,0,0,1,replayed_pf_result
2,6,1,15,0.990211750304725,0,0,1,replayed_pf_result
2,6,1,16,1.00336134700442,0,0,1,replayed_pf_result
2,6,1,17,1.00424184708451,0,0,1,replayed_pf_result
2,6,1,18,1.00133785332035,0,0,1,replayed_pf_result
2,6,1,19,1.03822404750302,0,0,1,replayed_pf_result
2,6,1,20,0.978895646757687,0,0,1,replayed_pf_result
2,6,1,21,0.99449322989502,0,0,1,replayed_pf_result
2,6,1,22,1.00424337339313,0,0,1,replayed_pf_result
2,6,1,23,0.997023307726634,0,0,1,replayed_pf_result
2,6,1,24,1.00614908361499,0,0,1,replayed_pf_result
2,6,1,25,1.02058468073162,0,0,1,replayed_pf_result
2,6,1,26,1.02098367228899,0,0,1,replayed_pf_result
2,6,1,27,1.00724512448944,0,0,1,replayed_pf_result
2,6,1,28,1.02253390718107,0,0,1,replayed_pf_result
2,6,1,29,1.02302621370972,0,0,1,replayed_pf_result
2,6,1,30,1,0,0,1,replayed_pf_result
2,6,1,31,1,0,0,1,replayed_pf_result
2,6,1,32,1,0,0,1,replayed_pf_result
2,6,1,33,1,0,0,1,replayed_pf_result
2,6,1,34,1,0,0,1,replayed_pf_result
2,6,1,35,1,0,0,1,replayed_pf_result
2,6,1,36,1,0,0,1,replayed_pf_result
2,6,1,37,1,0,0,1,replayed_pf_result
2,6,1,38,1,0,0,1,replayed_pf_result
2,6,1,39,1,0,0,1,replayed_pf_result
2,7,1,1,1.00501439845347,0,0,1,replayed_pf_result
2,7,1,2,1.01283319349796,0,0,1,replayed_pf_result
2,7,1,3,1.00018360880071,0,0,1,replayed_pf_result
2,7,1,4,0.984011999499589,0,0,1,replayed_pf_result
2,7,1,5,0.989110789260183,0,0,1,replayed_pf_result
2,7,1,6,0.99325626130812,0,0,1,replayed_pf_result
2,7,1,7,0.979084430172733,0,0,1,replayed_pf_result
2,7,1,8,0.976796372877981,0,0,1,replayed_pf_result
2,7,1,9,1.0055462636489,0,0,1,replayed_pf_result
2,7,1,10,1.00941881402965,0,0,1,replayed_pf_result
2,7,1,11,1.00270127871663,0,0,1,replayed_pf_result
2,7,1,12,0.989658114478574,0,0,1,replayed_pf_result
2,7,1,13,1.00386216703729,0,0,1,replayed_pf_result
2,7,1,14,0.994963553896006,0,0,1,replayed_pf_result
2,7,1,15,0.990211750304725,0,0,1,replayed_pf_result
2,7,1,16,1.00336134700442,0,0,1,replayed_pf_result
2,7,1,17,1.00424184708451,0,0,1,replayed_pf_result
2,7,1,18,1.00133785332035,0,0,1,replayed_pf_result
2,7,1,19,1.03822404750302,0,0,1,replayed_pf_result
2,7,1,20,0.978895646757687,0,0,1,replayed_pf_result
2,7,1,21,0.99449322989502,0,0,1,replayed_pf_result
2,7,1,22,1.00424337339313,0,0,1,replayed_pf_result
2,7,1,23,0.997023307726634,0,0,1,replayed_pf_result
2,7,1,24,1.00614908361499,0,0,1,replayed_pf_result
2,7,1,25,1.02058468073162,0,0,1,replayed_pf_result
2,7,1,26,1.02098367228899,0,0,1,replayed_pf_result
2,7,1,27,1.00724512448944,0,0,1,replayed_pf_result
2,7,1,28,1.02253390718107,0,0,1,replayed_pf_result
2,7,1,29,1.02302621370972,0,0,1,replayed_pf_result
2,7,1,30,1,0,0,1,replayed_pf_result
2,7,1,31,1,0,0,1,replayed_pf_result
2,7,1,32,1,0,0,1,replayed_pf_result
2,7,1,33,1,0,0,1,replayed_pf_result
2,7,1,34,1,0,0,1,replayed_pf_result
2,7,1,35,1,0,0,1,replayed_pf_result
2,7,1,36,1,0,0,1,replayed_pf_result
2,7,1,37,1,0,0,1,replayed_pf_result
2,7,1,38,1,0,0,1,replayed_pf_result
2,7,1,39,1,0,0,1,replayed_pf_result
2,8,1,1,1.00501439845347,0,0,1,replayed_pf_result
2,8,1,2,1.01283319349796,0,0,1,replayed_pf_result
2,8,1,3,1.00018360880071,0,0,1,replayed_pf_result
2,8,1,4,0.984011999499589,0,0,1,replayed_pf_result
2,8,1,5,0.989110789260183,0,0,1,replayed_pf_result
2,8,1,6,0.99325626130812,0,0,1,replayed_pf_result
2,8,1,7,0.979084430172733,0,0,1,replayed_pf_result
2,8,1,8,0.976796372877981,0,0,1,replayed_pf_result
2,8,1,9,1.0055462636489,0,0,1,replayed_pf_result
2,8,1,10,1.00941881402965,0,0,1,replayed_pf_result
2,8,1,11,1.00270127871663,0,0,1,replayed_pf_result
2,8,1,12,0.989658114478574,0,0,1,replayed_pf_result
2,8,1,13,1.00386216703729,0,0,1,replayed_pf_result
2,8,1,14,0.994963553896006,0,0,1,replayed_pf_result
2,8,1,15,0.990211750304725,0,0,1,replayed_pf_result
2,8,1,16,1.00336134700442,0,0,1,replayed_pf_result
2,8,1,17,1.00424184708451,0,0,1,replayed_pf_result
2,8,1,18,1.00133785332035,0,0,1,replayed_pf_result
2,8,1,19,1.03822404750302,0,0,1,replayed_pf_result
2,8,1,20,0.978895646757687,0,0,1,replayed_pf_result
2,8,1,21,0.99449322989502,0,0,1,replayed_pf_result
2,8,1,22,1.00424337339313,0,0,1,replayed_pf_result
2,8,1,23,0.997023307726634,0,0,1,replayed_pf_result
2,8,1,24,1.00614908361499,0,0,1,replayed_pf_result
2,8,1,25,1.02058468073162,0,0,1,replayed_pf_result
2,8,1,26,1.02098367228899,0,0,1,replayed_pf_result
2,8,1,27,1.00724512448944,0,0,1,replayed_pf_result
2,8,1,28,1.02253390718107,0,0,1,replayed_pf_result
2,8,1,29,1.02302621370972,0,0,1,replayed_pf_result
2,8,1,30,1,0,0,1,replayed_pf_result
2,8,1,31,1,0,0,1,replayed_pf_result
2,8,1,32,1,0,0,1,replayed_pf_result
2,8,1,33,1,0,0,1,replayed_pf_result
2,8,1,34,1,0,0,1,replayed_pf_result
2,8,1,35,1,0,0,1,replayed_pf_result
2,8,1,36,1,0,0,1,replayed_pf_result
2,8,1,37,1,0,0,1,replayed_pf_result
2,8,1,38,1,0,0,1,replayed_pf_result
2,8,1,39,1,0,0,1,replayed_pf_result
2,9,1,1,1.00501439845347,0,0,1,replayed_pf_result
2,9,1,2,1.01283319349796,0,0,1,replayed_pf_result
2,9,1,3,1.00018360880071,0,0,1,replayed_pf_result
2,9,1,4,0.984011999499589,0,0,1,replayed_pf_result
2,9,1,5,0.989110789260183,0,0,1,replayed_pf_result
2,9,1,6,0.99325626130812,0,0,1,replayed_pf_result
2,9,1,7,0.979084430172733,0,0,1,replayed_pf_result
2,9,1,8,0.976796372877981,0,0,1,replayed_pf_result
2,9,1,9,1.0055462636489,0,0,1,replayed_pf_result
2,9,1,10,1.00941881402965,0,0,1,replayed_pf_result
2,9,1,11,1.00270127871663,0,0,1,replayed_pf_result
2,9,1,12,0.989658114478574,0,0,1,replayed_pf_result
2,9,1,13,1.00386216703729,0,0,1,replayed_pf_result
2,9,1,14,0.994963553896006,0,0,1,replayed_pf_result
2,9,1,15,0.990211750304725,0,0,1,replayed_pf_result
2,9,1,16,1.00336134700442,0,0,1,replayed_pf_result
2,9,1,17,1.00424184708451,0,0,1,replayed_pf_result
2,9,1,18,1.00133785332035,0,0,1,replayed_pf_result
2,9,1,19,1.03822404750302,0,0,1,replayed_pf_result
2,9,1,20,0.978895646757687,0,0,1,replayed_pf_result
2,9,1,21,0.99449322989502,0,0,1,replayed_pf_result
2,9,1,22,1.00424337339313,0,0,1,replayed_pf_result
2,9,1,23,0.997023307726634,0,0,1,replayed_pf_result
2,9,1,24,1.00614908361499,0,0,1,replayed_pf_result
2,9,1,25,1.02058468073162,0,0,1,replayed_pf_result
2,9,1,26,1.02098367228899,0,0,1,replayed_pf_result
2,9,1,27,1.00724512448944,0,0,1,replayed_pf_result
2,9,1,28,1.02253390718107,0,0,1,replayed_pf_result
2,9,1,29,1.02302621370972,0,0,1,replayed_pf_result
2,9,1,30,1,0,0,1,replayed_pf_result
2,9,1,31,1,0,0,1,replayed_pf_result
2,9,1,32,1,0,0,1,replayed_pf_result
2,9,1,33,1,0,0,1,replayed_pf_result
2,9,1,34,1,0,0,1,replayed_pf_result
2,9,1,35,1,0,0,1,replayed_pf_result
2,9,1,36,1,0,0,1,replayed_pf_result
2,9,1,37,1,0,0,1,replayed_pf_result
2,9,1,38,1,0,0,1,replayed_pf_result
2,9,1,39,1,0,0,1,replayed_pf_result
2,10,1,1,1.00501439845347,0,0,1,replayed_pf_result
2,10,1,2,1.01283319349796,0,0,1,replayed_pf_result
2,10,1,3,1.00018360880071,0,0,1,replayed_pf_result
2,10,1,4,0.984011999499589,0,0,1,replayed_pf_result
2,10,1,5,0.989110789260183,0,0,1,replayed_pf_result
2,10,1,6,0.99325626130812,0,0,1,replayed_pf_result
2,10,1,7,0.979084430172733,0,0,1,replayed_pf_result
2,10,1,8,0.976796372877981,0,0,1,replayed_pf_result
2,10,1,9,1.0055462636489,0,0,1,replayed_pf_result
2,10,1,10,1.00941881402965,0,0,1,replayed_pf_result
2,10,1,11,1.00270127871663,0,0,1,replayed_pf_result
2,10,1,12,0.989658114478574,0,0,1,replayed_pf_result
2,10,1,13,1.00386216703729,0,0,1,replayed_pf_result
2,10,1,14,0.994963553896006,0,0,1,replayed_pf_result
2,10,1,15,0.990211750304725,0,0,1,replayed_pf_result
2,10,1,16,1.00336134700442,0,0,1,replayed_pf_result
2,10,1,17,1.00424184708451,0,0,1,replayed_pf_result
2,10,1,18,1.00133785332035,0,0,1,replayed_pf_result
2,10,1,19,1.03822404750302,0,0,1,replayed_pf_result
2,10,1,20,0.978895646757687,0,0,1,replayed_pf_result
2,10,1,21,0.99449322989502,0,0,1,replayed_pf_result
2,10,1,22,1.00424337339313,0,0,1,replayed_pf_result
2,10,1,23,0.997023307726634,0,0,1,replayed_pf_result
2,10,1,24,1.00614908361499,0,0,1,replayed_pf_result
2,10,1,25,1.02058468073162,0,0,1,replayed_pf_result
2,10,1,26,1.02098367228899,0,0,1,replayed_pf_result
2,10,1,27,1.00724512448944,0,0,1,replayed_pf_result
2,10,1,28,1.02253390718107,0,0,1,replayed_pf_result
2,10,1,29,1.02302621370972,0,0,1,replayed_pf_result
2,10,1,30,1,0,0,1,replayed_pf_result
2,10,1,31,1,0,0,1,replayed_pf_result
2,10,1,32,1,0,0,1,replayed_pf_result
2,10,1,33,1,0,0,1,replayed_pf_result
2,10,1,34,1,0,0,1,replayed_pf_result
2,10,1,35,1,0,0,1,replayed_pf_result
2,10,1,36,1,0,0,1,replayed_pf_result
2,10,1,37,1,0,0,1,replayed_pf_result
2,10,1,38,1,0,0,1,replayed_pf_result
2,10,1,39,1,0,0,1,replayed_pf_result
2,11,1,1,1.00501439845347,0,0,1,replayed_pf_result
2,11,1,2,1.01283319349796,0,0,1,replayed_pf_result
2,11,1,3,1.00018360880071,0,0,1,replayed_pf_result
2,11,1,4,0.984011999499589,0,0,1,replayed_pf_result
2,11,1,5,0.989110789260183,0,0,1,replayed_pf_result
2,11,1,6,0.99325626130812,0,0,1,replayed_pf_result
2,11,1,7,0.979084430172733,0,0,1,replayed_pf_result
2,11,1,8,0.976796372877981,0,0,1,replayed_pf_result
2,11,1,9,1.0055462636489,0,0,1,replayed_pf_result
2,11,1,10,1.00941881402965,0,0,1,replayed_pf_result
2,11,1,11,1.00270127871663,0,0,1,replayed_pf_result
2,11,1,12,0.989658114478574,0,0,1,replayed_pf_result
2,11,1,13,1.00386216703729,0,0,1,replayed_pf_result
2,11,1,14,0.994963553896006,0,0,1,replayed_pf_result
2,11,1,15,0.990211750304725,0,0,1,replayed_pf_result
2,11,1,16,1.00336134700442,0,0,1,replayed_pf_result
2,11,1,17,1.00424184708451,0,0,1,replayed_pf_result
2,11,1,18,1.00133785332035,0,0,1,replayed_pf_result
2,11,1,19,1.03822404750302,0,0,1,replayed_pf_result
2,11,1,20,0.978895646757687,0,0,1,replayed_pf_result
2,11,1,21,0.99449322989502,0,0,1,replayed_pf_result
2,11,1,22,1.00424337339313,0,0,1,replayed_pf_result
2,11,1,23,0.997023307726634,0,0,1,replayed_pf_result
2,11,1,24,1.00614908361499,0,0,1,replayed_pf_result
2,11,1,25,1.02058468073162,0,0,1,replayed_pf_result
2,11,1,26,1.02098367228899,0,0,1,replayed_pf_result
2,11,1,27,1.00724512448944,0,0,1,replayed_pf_result
2,11,1,28,1.02253390718107,0,0,1,replayed_pf_result
2,11,1,29,1.02302621370972,0,0,1,replayed_pf_result
2,11,1,30,1,0,0,1,replayed_pf_result
2,11,1,31,1,0,0,1,replayed_pf_result
2,11,1,32,1,0,0,1,replayed_pf_result
2,11,1,33,1,0,0,1,replayed_pf_result
2,11,1,34,1,0,0,1,replayed_pf_result
2,11,1,35,1,0,0,1,replayed_pf_result
2,11,1,36,1,0,0,1,replayed_pf_result
2,11,1,37,1,0,0,1,replayed_pf_result
2,11,1,38,1,0,0,1,replayed_pf_result
2,11,1,39,1,0,0,1,replayed_pf_result
2,12,1,1,1.00501439845347,0,0,1,replayed_pf_result
2,12,1,2,1.01283319349796,0,0,1,replayed_pf_result
2,12,1,3,1.00018360880071,0,0,1,replayed_pf_result
2,12,1,4,0.984011999499589,0,0,1,replayed_pf_result
2,12,1,5,0.989110789260183,0,0,1,replayed_pf_result
2,12,1,6,0.99325626130812,0,0,1,replayed_pf_result
2,12,1,7,0.979084430172733,0,0,1,replayed_pf_result
2,12,1,8,0.976796372877981,0,0,1,replayed_pf_result
2,12,1,9,1.0055462636489,0,0,1,replayed_pf_result
2,12,1,10,1.00941881402965,0,0,1,replayed_pf_result
2,12,1,11,1.00270127871663,0,0,1,replayed_pf_result
2,12,1,12,0.989658114478574,0,0,1,replayed_pf_result
2,12,1,13,1.00386216703729,0,0,1,replayed_pf_result
2,12,1,14,0.994963553896006,0,0,1,replayed_pf_result
2,12,1,15,0.990211750304725,0,0,1,replayed_pf_result
2,12,1,16,1.00336134700442,0,0,1,replayed_pf_result
2,12,1,17,1.00424184708451,0,0,1,replayed_pf_result
2,12,1,18,1.00133785332035,0,0,1,replayed_pf_result
2,12,1,19,1.03822404750302,0,0,1,replayed_pf_result
2,12,1,20,0.978895646757687,0,0,1,replayed_pf_result
2,12,1,21,0.99449322989502,0,0,1,replayed_pf_result
2,12,1,22,1.00424337339313,0,0,1,replayed_pf_result
2,12,1,23,0.997023307726634,0,0,1,replayed_pf_result
2,12,1,24,1.00614908361499,0,0,1,replayed_pf_result
2,12,1,25,1.02058468073162,0,0,1,replayed_pf_result
2,12,1,26,1.02098367228899,0,0,1,replayed_pf_result
2,12,1,27,1.00724512448944,0,0,1,replayed_pf_result
2,12,1,28,1.02253390718107,0,0,1,replayed_pf_result
2,12,1,29,1.02302621370972,0,0,1,replayed_pf_result
2,12,1,30,1,0,0,1,replayed_pf_result
2,12,1,31,1,0,0,1,replayed_pf_result
2,12,1,32,1,0,0,1,replayed_pf_result
2,12,1,33,1,0,0,1,replayed_pf_result
2,12,1,34,1,0,0,1,replayed_pf_result
2,12,1,35,1,0,0,1,replayed_pf_result
2,12,1,36,1,0,0,1,replayed_pf_result
2,12,1,37,1,0,0,1,replayed_pf_result
2,12,1,38,1,0,0,1,replayed_pf_result
2,12,1,39,1,0,0,1,replayed_pf_result
2,13,1,1,1.00501439845347,0,0,1,replayed_pf_result
2,13,1,2,1.01283319349796,0,0,1,replayed_pf_result
2,13,1,3,1.00018360880071,0,0,1,replayed_pf_result
2,13,1,4,0.984011999499589,0,0,1,replayed_pf_result
2,13,1,5,0.989110789260183,0,0,1,replayed_pf_result
2,13,1,6,0.99325626130812,0,0,1,replayed_pf_result
2,13,1,7,0.979084430172733,0,0,1,replayed_pf_result
2,13,1,8,0.976796372877981,0,0,1,replayed_pf_result
2,13,1,9,1.0055462636489,0,0,1,replayed_pf_result
2,13,1,10,1.00941881402965,0,0,1,replayed_pf_result
2,13,1,11,1.00270127871663,0,0,1,replayed_pf_result
2,13,1,12,0.989658114478574,0,0,1,replayed_pf_result
2,13,1,13,1.00386216703729,0,0,1,replayed_pf_result
2,13,1,14,0.994963553896006,0,0,1,replayed_pf_result
2,13,1,15,0.990211750304725,0,0,1,replayed_pf_result
2,13,1,16,1.00336134700442,0,0,1,replayed_pf_result
2,13,1,17,1.00424184708451,0,0,1,replayed_pf_result
2,13,1,18,1.00133785332035,0,0,1,replayed_pf_result
2,13,1,19,1.03822404750302,0,0,1,replayed_pf_result
2,13,1,20,0.978895646757687,0,0,1,replayed_pf_result
2,13,1,21,0.99449322989502,0,0,1,replayed_pf_result
2,13,1,22,1.00424337339313,0,0,1,replayed_pf_result
2,13,1,23,0.997023307726634,0,0,1,replayed_pf_result
2,13,1,24,1.00614908361499,0,0,1,replayed_pf_result
2,13,1,25,1.02058468073162,0,0,1,replayed_pf_result
2,13,1,26,1.02098367228899,0,0,1,replayed_pf_result
2,13,1,27,1.00724512448944,0,0,1,replayed_pf_result
2,13,1,28,1.02253390718107,0,0,1,replayed_pf_result
2,13,1,29,1.02302621370972,0,0,1,replayed_pf_result
2,13,1,30,1,0,0,1,replayed_pf_result
2,13,1,31,1,0,0,1,replayed_pf_result
2,13,1,32,1,0,0,1,replayed_pf_result
2,13,1,33,1,0,0,1,replayed_pf_result
2,13,1,34,1,0,0,1,replayed_pf_result
2,13,1,35,1,0,0,1,replayed_pf_result
2,13,1,36,1,0,0,1,replayed_pf_result
2,13,1,37,1,0,0,1,replayed_pf_result
2,13,1,38,1,0,0,1,replayed_pf_result
2,13,1,39,1,0,0,1,replayed_pf_result
2,14,1,1,1.00501439845347,0,0,1,replayed_pf_result
2,14,1,2,1.01283319349796,0,0,1,replayed_pf_result
2,14,1,3,1.00018360880071,0,0,1,replayed_pf_result
2,14,1,4,0.984011999499589,0,0,1,replayed_pf_result
2,14,1,5,0.989110789260183,0,0,1,replayed_pf_result
2,14,1,6,0.99325626130812,0,0,1,replayed_pf_result
2,14,1,7,0.979084430172733,0,0,1,replayed_pf_result
2,14,1,8,0.976796372877981,0,0,1,replayed_pf_result
2,14,1,9,1.0055462636489,0,0,1,replayed_pf_result
2,14,1,10,1.00941881402965,0,0,1,replayed_pf_result
2,14,1,11,1.00270127871663,0,0,1,replayed_pf_result
2,14,1,12,0.989658114478574,0,0,1,replayed_pf_result
2,14,1,13,1.00386216703729,0,0,1,replayed_pf_result
2,14,1,14,0.994963553896006,0,0,1,replayed_pf_result
2,14,1,15,0.990211750304725,0,0,1,replayed_pf_result
2,14,1,16,1.00336134700442,0,0,1,replayed_pf_result
2,14,1,17,1.00424184708451,0,0,1,replayed_pf_result
2,14,1,18,1.00133785332035,0,0,1,replayed_pf_result
2,14,1,19,1.03822404750302,0,0,1,replayed_pf_result
2,14,1,20,0.978895646757687,0,0,1,replayed_pf_result
2,14,1,21,0.99449322989502,0,0,1,replayed_pf_result
2,14,1,22,1.00424337339313,0,0,1,replayed_pf_result
2,14,1,23,0.997023307726634,0,0,1,replayed_pf_result
2,14,1,24,1.00614908361499,0,0,1,replayed_pf_result
2,14,1,25,1.02058468073162,0,0,1,replayed_pf_result
2,14,1,26,1.02098367228899,0,0,1,replayed_pf_result
2,14,1,27,1.00724512448944,0,0,1,replayed_pf_result
2,14,1,28,1.02253390718107,0,0,1,replayed_pf_result
2,14,1,29,1.02302621370972,0,0,1,replayed_pf_result
2,14,1,30,1,0,0,1,replayed_pf_result
2,14,1,31,1,0,0,1,replayed_pf_result
2,14,1,32,1,0,0,1,replayed_pf_result
2,14,1,33,1,0,0,1,replayed_pf_result
2,14,1,34,1,0,0,1,replayed_pf_result
2,14,1,35,1,0,0,1,replayed_pf_result
2,14,1,36,1,0,0,1,replayed_pf_result
2,14,1,37,1,0,0,1,replayed_pf_result
2,14,1,38,1,0,0,1,replayed_pf_result
2,14,1,39,1,0,0,1,replayed_pf_result
2,15,1,1,1.00501439845347,0,0,1,replayed_pf_result
2,15,1,2,1.01283319349796,0,0,1,replayed_pf_result
2,15,1,3,1.00018360880071,0,0,1,replayed_pf_result
2,15,1,4,0.984011999499589,0,0,1,replayed_pf_result
2,15,1,5,0.989110789260183,0,0,1,replayed_pf_result
2,15,1,6,0.99325626130812,0,0,1,replayed_pf_result
2,15,1,7,0.979084430172733,0,0,1,replayed_pf_result
2,15,1,8,0.976796372877981,0,0,1,replayed_pf_result
2,15,1,9,1.0055462636489,0,0,1,replayed_pf_result
2,15,1,10,1.00941881402965,0,0,1,replayed_pf_result
2,15,1,11,1.00270127871663,0,0,1,replayed_pf_result
2,15,1,12,0.989658114478574,0,0,1,replayed_pf_result
2,15,1,13,1.00386216703729,0,0,1,replayed_pf_result
2,15,1,14,0.994963553896006,0,0,1,replayed_pf_result
2,15,1,15,0.990211750304725,0,0,1,replayed_pf_result
2,15,1,16,1.00336134700442,0,0,1,replayed_pf_result
2,15,1,17,1.00424184708451,0,0,1,replayed_pf_result
2,15,1,18,1.00133785332035,0,0,1,replayed_pf_result
2,15,1,19,1.03822404750302,0,0,1,replayed_pf_result
2,15,1,20,0.978895646757687,0,0,1,replayed_pf_result
2,15,1,21,0.99449322989502,0,0,1,replayed_pf_result
2,15,1,22,1.00424337339313,0,0,1,replayed_pf_result
2,15,1,23,0.997023307726634,0,0,1,replayed_pf_result
2,15,1,24,1.00614908361499,0,0,1,replayed_pf_result
2,15,1,25,1.02058468073162,0,0,1,replayed_pf_result
2,15,1,26,1.02098367228899,0,0,1,replayed_pf_result
2,15,1,27,1.00724512448944,0,0,1,replayed_pf_result
2,15,1,28,1.02253390718107,0,0,1,replayed_pf_result
2,15,1,29,1.02302621370972,0,0,1,replayed_pf_result
2,15,1,30,1,0,0,1,replayed_pf_result
2,15,1,31,1,0,0,1,replayed_pf_result
2,15,1,32,1,0,0,1,replayed_pf_result
2,15,1,33,1,0,0,1,replayed_pf_result
2,15,1,34,1,0,0,1,replayed_pf_result
2,15,1,35,1,0,0,1,replayed_pf_result
2,15,1,36,1,0,0,1,replayed_pf_result
2,15,1,37,1,0,0,1,replayed_pf_result
2,15,1,38,1,0,0,1,replayed_pf_result
2,15,1,39,1,0,0,1,replayed_pf_result
2,16,1,1,1.00501439845347,0,0,1,replayed_pf_result
2,16,1,2,1.01283319349796,0,0,1,replayed_pf_result
2,16,1,3,1.00018360880071,0,0,1,replayed_pf_result
2,16,1,4,0.984011999499589,0,0,1,replayed_pf_result
2,16,1,5,0.989110789260183,0,0,1,replayed_pf_result
2,16,1,6,0.99325626130812,0,0,1,replayed_pf_result
2,16,1,7,0.979084430172733,0,0,1,replayed_pf_result
2,16,1,8,0.976796372877981,0,0,1,replayed_pf_result
2,16,1,9,1.0055462636489,0,0,1,replayed_pf_result
2,16,1,10,1.00941881402965,0,0,1,replayed_pf_result
2,16,1,11,1.00270127871663,0,0,1,replayed_pf_result
2,16,1,12,0.989658114478574,0,0,1,replayed_pf_result
2,16,1,13,1.00386216703729,0,0,1,replayed_pf_result
2,16,1,14,0.994963553896006,0,0,1,replayed_pf_result
2,16,1,15,0.990211750304725,0,0,1,replayed_pf_result
2,16,1,16,1.00336134700442,0,0,1,replayed_pf_result
2,16,1,17,1.00424184708451,0,0,1,replayed_pf_result
2,16,1,18,1.00133785332035,0,0,1,replayed_pf_result
2,16,1,19,1.03822404750302,0,0,1,replayed_pf_result
2,16,1,20,0.978895646757687,0,0,1,replayed_pf_result
2,16,1,21,0.99449322989502,0,0,1,replayed_pf_result
2,16,1,22,1.00424337339313,0,0,1,replayed_pf_result
2,16,1,23,0.997023307726634,0,0,1,replayed_pf_result
2,16,1,24,1.00614908361499,0,0,1,replayed_pf_result
2,16,1,25,1.02058468073162,0,0,1,replayed_pf_result
2,16,1,26,1.02098367228899,0,0,1,replayed_pf_result
2,16,1,27,1.00724512448944,0,0,1,replayed_pf_result
2,16,1,28,1.02253390718107,0,0,1,replayed_pf_result
2,16,1,29,1.02302621370972,0,0,1,replayed_pf_result
2,16,1,30,1,0,0,1,replayed_pf_result
2,16,1,31,1,0,0,1,replayed_pf_result
2,16,1,32,1,0,0,1,replayed_pf_result
2,16,1,33,1,0,0,1,replayed_pf_result
2,16,1,34,1,0,0,1,replayed_pf_result
2,16,1,35,1,0,0,1,replayed_pf_result
2,16,1,36,1,0,0,1,replayed_pf_result
2,16,1,37,1,0,0,1,replayed_pf_result
2,16,1,38,1,0,0,1,replayed_pf_result
2,16,1,39,1,0,0,1,replayed_pf_result
2,17,1,1,1.00501439845347,0,0,1,replayed_pf_result
2,17,1,2,1.01283319349796,0,0,1,replayed_pf_result
2,17,1,3,1.00018360880071,0,0,1,replayed_pf_result
2,17,1,4,0.984011999499589,0,0,1,replayed_pf_result
2,17,1,5,0.989110789260183,0,0,1,replayed_pf_result
2,17,1,6,0.99325626130812,0,0,1,replayed_pf_result
2,17,1,7,0.979084430172733,0,0,1,replayed_pf_result
2,17,1,8,0.976796372877981,0,0,1,replayed_pf_result
2,17,1,9,1.0055462636489,0,0,1,replayed_pf_result
2,17,1,10,1.00941881402965,0,0,1,replayed_pf_result
2,17,1,11,1.00270127871663,0,0,1,replayed_pf_result
2,17,1,12,0.989658114478574,0,0,1,replayed_pf_result
2,17,1,13,1.00386216703729,0,0,1,replayed_pf_result
2,17,1,14,0.994963553896006,0,0,1,replayed_pf_result
2,17,1,15,0.990211750304725,0,0,1,replayed_pf_result
2,17,1,16,1.00336134700442,0,0,1,replayed_pf_result
2,17,1,17,1.00424184708451,0,0,1,replayed_pf_result
2,17,1,18,1.00133785332035,0,0,1,replayed_pf_result
2,17,1,19,1.03822404750302,0,0,1,replayed_pf_result
2,17,1,20,0.978895646757687,0,0,1,replayed_pf_result
2,17,1,21,0.99449322989502,0,0,1,replayed_pf_result
2,17,1,22,1.00424337339313,0,0,1,replayed_pf_result
2,17,1,23,0.997023307726634,0,0,1,replayed_pf_result
2,17,1,24,1.00614908361499,0,0,1,replayed_pf_result
2,17,1,25,1.02058468073162,0,0,1,replayed_pf_result
2,17,1,26,1.02098367228899,0,0,1,replayed_pf_result
2,17,1,27,1.00724512448944,0,0,1,replayed_pf_result
2,17,1,28,1.02253390718107,0,0,1,replayed_pf_result
2,17,1,29,1.02302621370972,0,0,1,replayed_pf_result
2,17,1,30,1,0,0,1,replayed_pf_result
2,17,1,31,1,0,0,1,replayed_pf_result
2,17,1,32,1,0,0,1,replayed_pf_result
2,17,1,33,1,0,0,1,replayed_pf_result
2,17,1,34,1,0,0,1,replayed_pf_result
2,17,1,35,1,0,0,1,replayed_pf_result
2,17,1,36,1,0,0,1,replayed_pf_result
2,17,1,37,1,0,0,1,replayed_pf_result
2,17,1,38,1,0,0,1,replayed_pf_result
2,17,1,39,1,0,0,1,replayed_pf_result
2,18,1,1,1.00501439845347,0,0,1,replayed_pf_result
2,18,1,2,1.01283319349796,0,0,1,replayed_pf_result
2,18,1,3,1.00018360880071,0,0,1,replayed_pf_result
2,18,1,4,0.984011999499589,0,0,1,replayed_pf_result
2,18,1,5,0.989110789260183,0,0,1,replayed_pf_result
2,18,1,6,0.99325626130812,0,0,1,replayed_pf_result
2,18,1,7,0.979084430172733,0,0,1,replayed_pf_result
2,18,1,8,0.976796372877981,0,0,1,replayed_pf_result
2,18,1,9,1.0055462636489,0,0,1,replayed_pf_result
2,18,1,10,1.00941881402965,0,0,1,replayed_pf_result
2,18,1,11,1.00270127871663,0,0,1,replayed_pf_result
2,18,1,12,0.989658114478574,0,0,1,replayed_pf_result
2,18,1,13,1.00386216703729,0,0,1,replayed_pf_result
2,18,1,14,0.994963553896006,0,0,1,replayed_pf_result
2,18,1,15,0.990211750304725,0,0,1,replayed_pf_result
2,18,1,16,1.00336134700442,0,0,1,replayed_pf_result
2,18,1,17,1.00424184708451,0,0,1,replayed_pf_result
2,18,1,18,1.00133785332035,0,0,1,replayed_pf_result
2,18,1,19,1.03822404750302,0,0,1,replayed_pf_result
2,18,1,20,0.978895646757687,0,0,1,replayed_pf_result
2,18,1,21,0.99449322989502,0,0,1,replayed_pf_result
2,18,1,22,1.00424337339313,0,0,1,replayed_pf_result
2,18,1,23,0.997023307726634,0,0,1,replayed_pf_result
2,18,1,24,1.00614908361499,0,0,1,replayed_pf_result
2,18,1,25,1.02058468073162,0,0,1,replayed_pf_result
2,18,1,26,1.02098367228899,0,0,1,replayed_pf_result
2,18,1,27,1.00724512448944,0,0,1,replayed_pf_result
2,18,1,28,1.02253390718107,0,0,1,replayed_pf_result
2,18,1,29,1.02302621370972,0,0,1,replayed_pf_result
2,18,1,30,1,0,0,1,replayed_pf_result
2,18,1,31,1,0,0,1,replayed_pf_result
2,18,1,32,1,0,0,1,replayed_pf_result
2,18,1,33,1,0,0,1,replayed_pf_result
2,18,1,34,1,0,0,1,replayed_pf_result
2,18,1,35,1,0,0,1,replayed_pf_result
2,18,1,36,1,0,0,1,replayed_pf_result
2,18,1,37,1,0,0,1,replayed_pf_result
2,18,1,38,1,0,0,1,replayed_pf_result
2,18,1,39,1,0,0,1,replayed_pf_result
2,19,1,1,1.00501439845347,0,0,1,replayed_pf_result
2,19,1,2,1.01283319349796,0,0,1,replayed_pf_result
2,19,1,3,1.00018360880071,0,0,1,replayed_pf_result
2,19,1,4,0.984011999499589,0,0,1,replayed_pf_result
2,19,1,5,0.989110789260183,0,0,1,replayed_pf_result
2,19,1,6,0.99325626130812,0,0,1,replayed_pf_result
2,19,1,7,0.979084430172733,0,0,1,replayed_pf_result
2,19,1,8,0.976796372877981,0,0,1,replayed_pf_result
2,19,1,9,1.0055462636489,0,0,1,replayed_pf_result
2,19,1,10,1.00941881402965,0,0,1,replayed_pf_result
2,19,1,11,1.00270127871663,0,0,1,replayed_pf_result
2,19,1,12,0.989658114478574,0,0,1,replayed_pf_result
2,19,1,13,1.00386216703729,0,0,1,replayed_pf_result
2,19,1,14,0.994963553896006,0,0,1,replayed_pf_result
2,19,1,15,0.990211750304725,0,0,1,replayed_pf_result
2,19,1,16,1.00336134700442,0,0,1,replayed_pf_result
2,19,1,17,1.00424184708451,0,0,1,replayed_pf_result
2,19,1,18,1.00133785332035,0,0,1,replayed_pf_result
2,19,1,19,1.03822404750302,0,0,1,replayed_pf_result
2,19,1,20,0.978895646757687,0,0,1,replayed_pf_result
2,19,1,21,0.99449322989502,0,0,1,replayed_pf_result
2,19,1,22,1.00424337339313,0,0,1,replayed_pf_result
2,19,1,23,0.997023307726634,0,0,1,replayed_pf_result
2,19,1,24,1.00614908361499,0,0,1,replayed_pf_result
2,19,1,25,1.02058468073162,0,0,1,replayed_pf_result
2,19,1,26,1.02098367228899,0,0,1,replayed_pf_result
2,19,1,27,1.00724512448944,0,0,1,replayed_pf_result
2,19,1,28,1.02253390718107,0,0,1,replayed_pf_result
2,19,1,29,1.02302621370972,0,0,1,replayed_pf_result
2,19,1,30,1,0,0,1,replayed_pf_result
2,19,1,31,1,0,0,1,replayed_pf_result
2,19,1,32,1,0,0,1,replayed_pf_result
2,19,1,33,1,0,0,1,replayed_pf_result
2,19,1,34,1,0,0,1,replayed_pf_result
2,19,1,35,1,0,0,1,replayed_pf_result
2,19,1,36,1,0,0,1,replayed_pf_result
2,19,1,37,1,0,0,1,replayed_pf_result
2,19,1,38,1,0,0,1,replayed_pf_result
2,19,1,39,1,0,0,1,replayed_pf_result
2,20,1,1,1.00501439845347,0,0,1,replayed_pf_result
2,20,1,2,1.01283319349796,0,0,1,replayed_pf_result
2,20,1,3,1.00018360880071,0,0,1,replayed_pf_result
2,20,1,4,0.984011999499589,0,0,1,replayed_pf_result
2,20,1,5,0.989110789260183,0,0,1,replayed_pf_result
2,20,1,6,0.99325626130812,0,0,1,replayed_pf_result
2,20,1,7,0.979084430172733,0,0,1,replayed_pf_result
2,20,1,8,0.976796372877981,0,0,1,replayed_pf_result
2,20,1,9,1.0055462636489,0,0,1,replayed_pf_result
2,20,1,10,1.00941881402965,0,0,1,replayed_pf_result
2,20,1,11,1.00270127871663,0,0,1,replayed_pf_result
2,20,1,12,0.989658114478574,0,0,1,replayed_pf_result
2,20,1,13,1.00386216703729,0,0,1,replayed_pf_result
2,20,1,14,0.994963553896006,0,0,1,replayed_pf_result
2,20,1,15,0.990211750304725,0,0,1,replayed_pf_result
2,20,1,16,1.00336134700442,0,0,1,replayed_pf_result
2,20,1,17,1.00424184708451,0,0,1,replayed_pf_result
2,20,1,18,1.00133785332035,0,0,1,replayed_pf_result
2,20,1,19,1.03822404750302,0,0,1,replayed_pf_result
2,20,1,20,0.978895646757687,0,0,1,replayed_pf_result
2,20,1,21,0.99449322989502,0,0,1,replayed_pf_result
2,20,1,22,1.00424337339313,0,0,1,replayed_pf_result
2,20,1,23,0.997023307726634,0,0,1,replayed_pf_result
2,20,1,24,1.00614908361499,0,0,1,replayed_pf_result
2,20,1,25,1.02058468073162,0,0,1,replayed_pf_result
2,20,1,26,1.02098367228899,0,0,1,replayed_pf_result
2,20,1,27,1.00724512448944,0,0,1,replayed_pf_result
2,20,1,28,1.02253390718107,0,0,1,replayed_pf_result
2,20,1,29,1.02302621370972,0,0,1,replayed_pf_result
2,20,1,30,1,0,0,1,replayed_pf_result
2,20,1,31,1,0,0,1,replayed_pf_result
2,20,1,32,1,0,0,1,replayed_pf_result
2,20,1,33,1,0,0,1,replayed_pf_result
2,20,1,34,1,0,0,1,replayed_pf_result
2,20,1,35,1,0,0,1,replayed_pf_result
2,20,1,36,1,0,0,1,replayed_pf_result
2,20,1,37,1,0,0,1,replayed_pf_result
2,20,1,38,1,0,0,1,replayed_pf_result
2,20,1,39,1,0,0,1,replayed_pf_result
3,1,1,1,1.00164346980456,0,0,1,replayed_pf_result
3,1,1,2,1.01885539510292,0,0,1,replayed_pf_result
3,1,1,3,0.983160765113037,0,0,1,replayed_pf_result
3,1,1,4,0.977302393944421,0,0,1,replayed_pf_result
3,1,1,5,0.988615289326593,0,0,1,replayed_pf_result
3,1,1,6,0.99324248406057,0,0,1,replayed_pf_result
3,1,1,7,0.981309850927312,0,0,1,replayed_pf_result
3,1,1,8,0.979868614826766,0,0,1,replayed_pf_result
3,1,1,9,1.01308036430126,0,0,1,replayed_pf_result
3,1,1,10,1.00747273128935,0,0,1,replayed_pf_result
3,1,1,11,1.00144231319017,0,0,1,replayed_pf_result
3,1,1,12,0.987474590289329,0,0,1,replayed_pf_result
3,1,1,13,1.00087600308678,0,0,1,replayed_pf_result
3,1,1,14,0.989746975447847,0,0,1,replayed_pf_result
3,1,1,15,0.984230757042708,0,0,1,replayed_pf_result
3,1,1,16,0.997092910254388,0,0,1,replayed_pf_result
3,1,1,17,0.993953063683879,0,0,1,replayed_pf_result
3,1,1,18,0.988092322932338,0,0,1,replayed_pf_result
3,1,1,19,1.03591924219648,0,0,1,replayed_pf_result
3,1,1,20,0.977637289881188,0,0,1,replayed_pf_result
3,1,1,21,0.990072887900129,0,0,1,replayed_pf_result
3,1,1,22,1.00187361268238,0,0,1,replayed_pf_result
3,1,1,23,0.994568874774562,0,0,1,replayed_pf_result
3,1,1,24,1.00043470444596,0,0,1,replayed_pf_result
3,1,1,25,1.01534093409475,0,0,1,replayed_pf_result
3,1,1,26,1.01119069273297,0,0,1,replayed_pf_result
3,1,1,27,0.996100113079034,0,0,1,replayed_pf_result
3,1,1,28,1.01748279200754,0,0,1,replayed_pf_result
3,1,1,29,1.01956478010342,0,0,1,replayed_pf_result
3,1,1,30,1,0,0,1,replayed_pf_result
3,1,1,31,1,0,0,1,replayed_pf_result
3,1,1,32,1,0,0,1,replayed_pf_result
3,1,1,33,1,0,0,1,replayed_pf_result
3,1,1,34,1,0,0,1,replayed_pf_result
3,1,1,35,1,0,0,1,replayed_pf_result
3,1,1,36,1,0,0,1,replayed_pf_result
3,1,1,37,1,0,0,1,replayed_pf_result
3,1,1,38,1,0,0,1,replayed_pf_result
3,1,1,39,1,0,0,1,replayed_pf_result
3,2,1,1,1.00164346980456,0,0,1,replayed_pf_result
3,2,1,2,1.01885539510292,0,0,1,replayed_pf_result
3,2,1,3,0.983160765113037,0,0,1,replayed_pf_result
3,2,1,4,0.977302393944421,0,0,1,replayed_pf_result
3,2,1,5,0.988615289326593,0,0,1,replayed_pf_result
3,2,1,6,0.99324248406057,0,0,1,replayed_pf_result
3,2,1,7,0.981309850927312,0,0,1,replayed_pf_result
3,2,1,8,0.979868614826766,0,0,1,replayed_pf_result
3,2,1,9,1.01308036430126,0,0,1,replayed_pf_result
3,2,1,10,1.00747273128935,0,0,1,replayed_pf_result
3,2,1,11,1.00144231319017,0,0,1,replayed_pf_result
3,2,1,12,0.987474590289329,0,0,1,replayed_pf_result
3,2,1,13,1.00087600308678,0,0,1,replayed_pf_result
3,2,1,14,0.989746975447847,0,0,1,replayed_pf_result
3,2,1,15,0.984230757042708,0,0,1,replayed_pf_result
3,2,1,16,0.997092910254388,0,0,1,replayed_pf_result
3,2,1,17,0.993953063683879,0,0,1,replayed_pf_result
3,2,1,18,0.988092322932338,0,0,1,replayed_pf_result
3,2,1,19,1.03591924219648,0,0,1,replayed_pf_result
3,2,1,20,0.977637289881188,0,0,1,replayed_pf_result
3,2,1,21,0.990072887900129,0,0,1,replayed_pf_result
3,2,1,22,1.00187361268238,0,0,1,replayed_pf_result
3,2,1,23,0.994568874774562,0,0,1,replayed_pf_result
3,2,1,24,1.00043470444596,0,0,1,replayed_pf_result
3,2,1,25,1.01534093409475,0,0,1,replayed_pf_result
3,2,1,26,1.01119069273297,0,0,1,replayed_pf_result
3,2,1,27,0.996100113079034,0,0,1,replayed_pf_result
3,2,1,28,1.01748279200754,0,0,1,replayed_pf_result
3,2,1,29,1.01956478010342,0,0,1,replayed_pf_result
3,2,1,30,1,0,0,1,replayed_pf_result
3,2,1,31,1,0,0,1,replayed_pf_result
3,2,1,32,1,0,0,1,replayed_pf_result
3,2,1,33,1,0,0,1,replayed_pf_result
3,2,1,34,1,0,0,1,replayed_pf_result
3,2,1,35,1,0,0,1,replayed_pf_result
3,2,1,36,1,0,0,1,replayed_pf_result
3,2,1,37,1,0,0,1,replayed_pf_result
3,2,1,38,1,0,0,1,replayed_pf_result
3,2,1,39,1,0,0,1,replayed_pf_result
3,3,1,1,1.00164346980456,0,0,1,replayed_pf_result
3,3,1,2,1.01885539510292,0,0,1,replayed_pf_result
3,3,1,3,0.983160765113037,0,0,1,replayed_pf_result
3,3,1,4,0.977302393944421,0,0,1,replayed_pf_result
3,3,1,5,0.988615289326593,0,0,1,replayed_pf_result
3,3,1,6,0.99324248406057,0,0,1,replayed_pf_result
3,3,1,7,0.981309850927312,0,0,1,replayed_pf_result
3,3,1,8,0.979868614826766,0,0,1,replayed_pf_result
3,3,1,9,1.01308036430126,0,0,1,replayed_pf_result
3,3,1,10,1.00747273128935,0,0,1,replayed_pf_result
3,3,1,11,1.00144231319017,0,0,1,replayed_pf_result
3,3,1,12,0.987474590289329,0,0,1,replayed_pf_result
3,3,1,13,1.00087600308678,0,0,1,replayed_pf_result
3,3,1,14,0.989746975447847,0,0,1,replayed_pf_result
3,3,1,15,0.984230757042708,0,0,1,replayed_pf_result
3,3,1,16,0.997092910254388,0,0,1,replayed_pf_result
3,3,1,17,0.993953063683879,0,0,1,replayed_pf_result
3,3,1,18,0.988092322932338,0,0,1,replayed_pf_result
3,3,1,19,1.03591924219648,0,0,1,replayed_pf_result
3,3,1,20,0.977637289881188,0,0,1,replayed_pf_result
3,3,1,21,0.990072887900129,0,0,1,replayed_pf_result
3,3,1,22,1.00187361268238,0,0,1,replayed_pf_result
3,3,1,23,0.994568874774562,0,0,1,replayed_pf_result
3,3,1,24,1.00043470444596,0,0,1,replayed_pf_result
3,3,1,25,1.01534093409475,0,0,1,replayed_pf_result
3,3,1,26,1.01119069273297,0,0,1,replayed_pf_result
3,3,1,27,0.996100113079034,0,0,1,replayed_pf_result
3,3,1,28,1.01748279200754,0,0,1,replayed_pf_result
3,3,1,29,1.01956478010342,0,0,1,replayed_pf_result
3,3,1,30,1,0,0,1,replayed_pf_result
3,3,1,31,1,0,0,1,replayed_pf_result
3,3,1,32,1,0,0,1,replayed_pf_result
3,3,1,33,1,0,0,1,replayed_pf_result
3,3,1,34,1,0,0,1,replayed_pf_result
3,3,1,35,1,0,0,1,replayed_pf_result
3,3,1,36,1,0,0,1,replayed_pf_result
3,3,1,37,1,0,0,1,replayed_pf_result
3,3,1,38,1,0,0,1,replayed_pf_result
3,3,1,39,1,0,0,1,replayed_pf_result
3,4,1,1,1.00164346980456,0,0,1,replayed_pf_result
3,4,1,2,1.01885539510292,0,0,1,replayed_pf_result
3,4,1,3,0.983160765113037,0,0,1,replayed_pf_result
3,4,1,4,0.977302393944421,0,0,1,replayed_pf_result
3,4,1,5,0.988615289326593,0,0,1,replayed_pf_result
3,4,1,6,0.99324248406057,0,0,1,replayed_pf_result
3,4,1,7,0.981309850927312,0,0,1,replayed_pf_result
3,4,1,8,0.979868614826766,0,0,1,replayed_pf_result
3,4,1,9,1.01308036430126,0,0,1,replayed_pf_result
3,4,1,10,1.00747273128935,0,0,1,replayed_pf_result
3,4,1,11,1.00144231319017,0,0,1,replayed_pf_result
3,4,1,12,0.987474590289329,0,0,1,replayed_pf_result
3,4,1,13,1.00087600308678,0,0,1,replayed_pf_result
3,4,1,14,0.989746975447847,0,0,1,replayed_pf_result
3,4,1,15,0.984230757042708,0,0,1,replayed_pf_result
3,4,1,16,0.997092910254388,0,0,1,replayed_pf_result
3,4,1,17,0.993953063683879,0,0,1,replayed_pf_result
3,4,1,18,0.988092322932338,0,0,1,replayed_pf_result
3,4,1,19,1.03591924219648,0,0,1,replayed_pf_result
3,4,1,20,0.977637289881188,0,0,1,replayed_pf_result
3,4,1,21,0.990072887900129,0,0,1,replayed_pf_result
3,4,1,22,1.00187361268238,0,0,1,replayed_pf_result
3,4,1,23,0.994568874774562,0,0,1,replayed_pf_result
3,4,1,24,1.00043470444596,0,0,1,replayed_pf_result
3,4,1,25,1.01534093409475,0,0,1,replayed_pf_result
3,4,1,26,1.01119069273297,0,0,1,replayed_pf_result
3,4,1,27,0.996100113079034,0,0,1,replayed_pf_result
3,4,1,28,1.01748279200754,0,0,1,replayed_pf_result
3,4,1,29,1.01956478010342,0,0,1,replayed_pf_result
3,4,1,30,1,0,0,1,replayed_pf_result
3,4,1,31,1,0,0,1,replayed_pf_result
3,4,1,32,1,0,0,1,replayed_pf_result
3,4,1,33,1,0,0,1,replayed_pf_result
3,4,1,34,1,0,0,1,replayed_pf_result
3,4,1,35,1,0,0,1,replayed_pf_result
3,4,1,36,1,0,0,1,replayed_pf_result
3,4,1,37,1,0,0,1,replayed_pf_result
3,4,1,38,1,0,0,1,replayed_pf_result
3,4,1,39,1,0,0,1,replayed_pf_result
3,5,1,1,1.00164346980456,0,0,1,replayed_pf_result
3,5,1,2,1.01885539510292,0,0,1,replayed_pf_result
3,5,1,3,0.983160765113037,0,0,1,replayed_pf_result
3,5,1,4,0.977302393944421,0,0,1,replayed_pf_result
3,5,1,5,0.988615289326593,0,0,1,replayed_pf_result
3,5,1,6,0.99324248406057,0,0,1,replayed_pf_result
3,5,1,7,0.981309850927312,0,0,1,replayed_pf_result
3,5,1,8,0.979868614826766,0,0,1,replayed_pf_result
3,5,1,9,1.01308036430126,0,0,1,replayed_pf_result
3,5,1,10,1.00747273128935,0,0,1,replayed_pf_result
3,5,1,11,1.00144231319017,0,0,1,replayed_pf_result
3,5,1,12,0.987474590289329,0,0,1,replayed_pf_result
3,5,1,13,1.00087600308678,0,0,1,replayed_pf_result
3,5,1,14,0.989746975447847,0,0,1,replayed_pf_result
3,5,1,15,0.984230757042708,0,0,1,replayed_pf_result
3,5,1,16,0.997092910254388,0,0,1,replayed_pf_result
3,5,1,17,0.993953063683879,0,0,1,replayed_pf_result
3,5,1,18,0.988092322932338,0,0,1,replayed_pf_result
3,5,1,19,1.03591924219648,0,0,1,replayed_pf_result
3,5,1,20,0.977637289881188,0,0,1,replayed_pf_result
3,5,1,21,0.990072887900129,0,0,1,replayed_pf_result
3,5,1,22,1.00187361268238,0,0,1,replayed_pf_result
3,5,1,23,0.994568874774562,0,0,1,replayed_pf_result
3,5,1,24,1.00043470444596,0,0,1,replayed_pf_result
3,5,1,25,1.01534093409475,0,0,1,replayed_pf_result
3,5,1,26,1.01119069273297,0,0,1,replayed_pf_result
3,5,1,27,0.996100113079034,0,0,1,replayed_pf_result
3,5,1,28,1.01748279200754,0,0,1,replayed_pf_result
3,5,1,29,1.01956478010342,0,0,1,replayed_pf_result
3,5,1,30,1,0,0,1,replayed_pf_result
3,5,1,31,1,0,0,1,replayed_pf_result
3,5,1,32,1,0,0,1,replayed_pf_result
3,5,1,33,1,0,0,1,replayed_pf_result
3,5,1,34,1,0,0,1,replayed_pf_result
3,5,1,35,1,0,0,1,replayed_pf_result
3,5,1,36,1,0,0,1,replayed_pf_result
3,5,1,37,1,0,0,1,replayed_pf_result
3,5,1,38,1,0,0,1,replayed_pf_result
3,5,1,39,1,0,0,1,replayed_pf_result
3,6,1,1,1.00164346980456,0,0,1,replayed_pf_result
3,6,1,2,1.01885539510292,0,0,1,replayed_pf_result
3,6,1,3,0.983160765113037,0,0,1,replayed_pf_result
3,6,1,4,0.977302393944421,0,0,1,replayed_pf_result
3,6,1,5,0.988615289326593,0,0,1,replayed_pf_result
3,6,1,6,0.99324248406057,0,0,1,replayed_pf_result
3,6,1,7,0.981309850927312,0,0,1,replayed_pf_result
3,6,1,8,0.979868614826766,0,0,1,replayed_pf_result
3,6,1,9,1.01308036430126,0,0,1,replayed_pf_result
3,6,1,10,1.00747273128935,0,0,1,replayed_pf_result
3,6,1,11,1.00144231319017,0,0,1,replayed_pf_result
3,6,1,12,0.987474590289329,0,0,1,replayed_pf_result
3,6,1,13,1.00087600308678,0,0,1,replayed_pf_result
3,6,1,14,0.989746975447847,0,0,1,replayed_pf_result
3,6,1,15,0.984230757042708,0,0,1,replayed_pf_result
3,6,1,16,0.997092910254388,0,0,1,replayed_pf_result
3,6,1,17,0.993953063683879,0,0,1,replayed_pf_result
3,6,1,18,0.988092322932338,0,0,1,replayed_pf_result
3,6,1,19,1.03591924219648,0,0,1,replayed_pf_result
3,6,1,20,0.977637289881188,0,0,1,replayed_pf_result
3,6,1,21,0.990072887900129,0,0,1,replayed_pf_result
3,6,1,22,1.00187361268238,0,0,1,replayed_pf_result
3,6,1,23,0.994568874774562,0,0,1,replayed_pf_result
3,6,1,24,1.00043470444596,0,0,1,replayed_pf_result
3,6,1,25,1.01534093409475,0,0,1,replayed_pf_result
3,6,1,26,1.01119069273297,0,0,1,replayed_pf_result
3,6,1,27,0.996100113079034,0,0,1,replayed_pf_result
3,6,1,28,1.01748279200754,0,0,1,replayed_pf_result
3,6,1,29,1.01956478010342,0,0,1,replayed_pf_result
3,6,1,30,1,0,0,1,replayed_pf_result
3,6,1,31,1,0,0,1,replayed_pf_result
3,6,1,32,1,0,0,1,replayed_pf_result
3,6,1,33,1,0,0,1,replayed_pf_result
3,6,1,34,1,0,0,1,replayed_pf_result
3,6,1,35,1,0,0,1,replayed_pf_result
3,6,1,36,1,0,0,1,replayed_pf_result
3,6,1,37,1,0,0,1,replayed_pf_result
3,6,1,38,1,0,0,1,replayed_pf_result
3,6,1,39,1,0,0,1,replayed_pf_result
3,7,1,1,1.00164346980456,0,0,1,replayed_pf_result
3,7,1,2,1.01885539510292,0,0,1,replayed_pf_result
3,7,1,3,0.983160765113037,0,0,1,replayed_pf_result
3,7,1,4,0.977302393944421,0,0,1,replayed_pf_result
3,7,1,5,0.988615289326593,0,0,1,replayed_pf_result
3,7,1,6,0.99324248406057,0,0,1,replayed_pf_result
3,7,1,7,0.981309850927312,0,0,1,replayed_pf_result
3,7,1,8,0.979868614826766,0,0,1,replayed_pf_result
3,7,1,9,1.01308036430126,0,0,1,replayed_pf_result
3,7,1,10,1.00747273128935,0,0,1,replayed_pf_result
3,7,1,11,1.00144231319017,0,0,1,replayed_pf_result
3,7,1,12,0.987474590289329,0,0,1,replayed_pf_result
3,7,1,13,1.00087600308678,0,0,1,replayed_pf_result
3,7,1,14,0.989746975447847,0,0,1,replayed_pf_result
3,7,1,15,0.984230757042708,0,0,1,replayed_pf_result
3,7,1,16,0.997092910254388,0,0,1,replayed_pf_result
3,7,1,17,0.993953063683879,0,0,1,replayed_pf_result
3,7,1,18,0.988092322932338,0,0,1,replayed_pf_result
3,7,1,19,1.03591924219648,0,0,1,replayed_pf_result
3,7,1,20,0.977637289881188,0,0,1,replayed_pf_result
3,7,1,21,0.990072887900129,0,0,1,replayed_pf_result
3,7,1,22,1.00187361268238,0,0,1,replayed_pf_result
3,7,1,23,0.994568874774562,0,0,1,replayed_pf_result
3,7,1,24,1.00043470444596,0,0,1,replayed_pf_result
3,7,1,25,1.01534093409475,0,0,1,replayed_pf_result
3,7,1,26,1.01119069273297,0,0,1,replayed_pf_result
3,7,1,27,0.996100113079034,0,0,1,replayed_pf_result
3,7,1,28,1.01748279200754,0,0,1,replayed_pf_result
3,7,1,29,1.01956478010342,0,0,1,replayed_pf_result
3,7,1,30,1,0,0,1,replayed_pf_result
3,7,1,31,1,0,0,1,replayed_pf_result
3,7,1,32,1,0,0,1,replayed_pf_result
3,7,1,33,1,0,0,1,replayed_pf_result
3,7,1,34,1,0,0,1,replayed_pf_result
3,7,1,35,1,0,0,1,replayed_pf_result
3,7,1,36,1,0,0,1,replayed_pf_result
3,7,1,37,1,0,0,1,replayed_pf_result
3,7,1,38,1,0,0,1,replayed_pf_result
3,7,1,39,1,0,0,1,replayed_pf_result
3,8,1,1,1.00164346980456,0,0,1,replayed_pf_result
3,8,1,2,1.01885539510292,0,0,1,replayed_pf_result
3,8,1,3,0.983160765113037,0,0,1,replayed_pf_result
3,8,1,4,0.977302393944421,0,0,1,replayed_pf_result
3,8,1,5,0.988615289326593,0,0,1,replayed_pf_result
3,8,1,6,0.99324248406057,0,0,1,replayed_pf_result
3,8,1,7,0.981309850927312,0,0,1,replayed_pf_result
3,8,1,8,0.979868614826766,0,0,1,replayed_pf_result
3,8,1,9,1.01308036430126,0,0,1,replayed_pf_result
3,8,1,10,1.00747273128935,0,0,1,replayed_pf_result
3,8,1,11,1.00144231319017,0,0,1,replayed_pf_result
3,8,1,12,0.987474590289329,0,0,1,replayed_pf_result
3,8,1,13,1.00087600308678,0,0,1,replayed_pf_result
3,8,1,14,0.989746975447847,0,0,1,replayed_pf_result
3,8,1,15,0.984230757042708,0,0,1,replayed_pf_result
3,8,1,16,0.997092910254388,0,0,1,replayed_pf_result
3,8,1,17,0.993953063683879,0,0,1,replayed_pf_result
3,8,1,18,0.988092322932338,0,0,1,replayed_pf_result
3,8,1,19,1.03591924219648,0,0,1,replayed_pf_result
3,8,1,20,0.977637289881188,0,0,1,replayed_pf_result
3,8,1,21,0.990072887900129,0,0,1,replayed_pf_result
3,8,1,22,1.00187361268238,0,0,1,replayed_pf_result
3,8,1,23,0.994568874774562,0,0,1,replayed_pf_result
3,8,1,24,1.00043470444596,0,0,1,replayed_pf_result
3,8,1,25,1.01534093409475,0,0,1,replayed_pf_result
3,8,1,26,1.01119069273297,0,0,1,replayed_pf_result
3,8,1,27,0.996100113079034,0,0,1,replayed_pf_result
3,8,1,28,1.01748279200754,0,0,1,replayed_pf_result
3,8,1,29,1.01956478010342,0,0,1,replayed_pf_result
3,8,1,30,1,0,0,1,replayed_pf_result
3,8,1,31,1,0,0,1,replayed_pf_result
3,8,1,32,1,0,0,1,replayed_pf_result
3,8,1,33,1,0,0,1,replayed_pf_result
3,8,1,34,1,0,0,1,replayed_pf_result
3,8,1,35,1,0,0,1,replayed_pf_result
3,8,1,36,1,0,0,1,replayed_pf_result
3,8,1,37,1,0,0,1,replayed_pf_result
3,8,1,38,1,0,0,1,replayed_pf_result
3,8,1,39,1,0,0,1,replayed_pf_result
3,9,1,1,1.00164346980456,0,0,1,replayed_pf_result
3,9,1,2,1.01885539510292,0,0,1,replayed_pf_result
3,9,1,3,0.983160765113037,0,0,1,replayed_pf_result
3,9,1,4,0.977302393944421,0,0,1,replayed_pf_result
3,9,1,5,0.988615289326593,0,0,1,replayed_pf_result
3,9,1,6,0.99324248406057,0,0,1,replayed_pf_result
3,9,1,7,0.981309850927312,0,0,1,replayed_pf_result
3,9,1,8,0.979868614826766,0,0,1,replayed_pf_result
3,9,1,9,1.01308036430126,0,0,1,replayed_pf_result
3,9,1,10,1.00747273128935,0,0,1,replayed_pf_result
3,9,1,11,1.00144231319017,0,0,1,replayed_pf_result
3,9,1,12,0.987474590289329,0,0,1,replayed_pf_result
3,9,1,13,1.00087600308678,0,0,1,replayed_pf_result
3,9,1,14,0.989746975447847,0,0,1,replayed_pf_result
3,9,1,15,0.984230757042708,0,0,1,replayed_pf_result
3,9,1,16,0.997092910254388,0,0,1,replayed_pf_result
3,9,1,17,0.993953063683879,0,0,1,replayed_pf_result
3,9,1,18,0.988092322932338,0,0,1,replayed_pf_result
3,9,1,19,1.03591924219648,0,0,1,replayed_pf_result
3,9,1,20,0.977637289881188,0,0,1,replayed_pf_result
3,9,1,21,0.990072887900129,0,0,1,replayed_pf_result
3,9,1,22,1.00187361268238,0,0,1,replayed_pf_result
3,9,1,23,0.994568874774562,0,0,1,replayed_pf_result
3,9,1,24,1.00043470444596,0,0,1,replayed_pf_result
3,9,1,25,1.01534093409475,0,0,1,replayed_pf_result
3,9,1,26,1.01119069273297,0,0,1,replayed_pf_result
3,9,1,27,0.996100113079034,0,0,1,replayed_pf_result
3,9,1,28,1.01748279200754,0,0,1,replayed_pf_result
3,9,1,29,1.01956478010342,0,0,1,replayed_pf_result
3,9,1,30,1,0,0,1,replayed_pf_result
3,9,1,31,1,0,0,1,replayed_pf_result
3,9,1,32,1,0,0,1,replayed_pf_result
3,9,1,33,1,0,0,1,replayed_pf_result
3,9,1,34,1,0,0,1,replayed_pf_result
3,9,1,35,1,0,0,1,replayed_pf_result
3,9,1,36,1,0,0,1,replayed_pf_result
3,9,1,37,1,0,0,1,replayed_pf_result
3,9,1,38,1,0,0,1,replayed_pf_result
3,9,1,39,1,0,0,1,replayed_pf_result
3,10,1,1,1.00164346980456,0,0,1,replayed_pf_result
3,10,1,2,1.01885539510292,0,0,1,replayed_pf_result
3,10,1,3,0.983160765113037,0,0,1,replayed_pf_result
3,10,1,4,0.977302393944421,0,0,1,replayed_pf_result
3,10,1,5,0.988615289326593,0,0,1,replayed_pf_result
3,10,1,6,0.99324248406057,0,0,1,replayed_pf_result
3,10,1,7,0.981309850927312,0,0,1,replayed_pf_result
3,10,1,8,0.979868614826766,0,0,1,replayed_pf_result
3,10,1,9,1.01308036430126,0,0,1,replayed_pf_result
3,10,1,10,1.00747273128935,0,0,1,replayed_pf_result
3,10,1,11,1.00144231319017,0,0,1,replayed_pf_result
3,10,1,12,0.987474590289329,0,0,1,replayed_pf_result
3,10,1,13,1.00087600308678,0,0,1,replayed_pf_result
3,10,1,14,0.989746975447847,0,0,1,replayed_pf_result
3,10,1,15,0.984230757042708,0,0,1,replayed_pf_result
3,10,1,16,0.997092910254388,0,0,1,replayed_pf_result
3,10,1,17,0.993953063683879,0,0,1,replayed_pf_result
3,10,1,18,0.988092322932338,0,0,1,replayed_pf_result
3,10,1,19,1.03591924219648,0,0,1,replayed_pf_result
3,10,1,20,0.977637289881188,0,0,1,replayed_pf_result
3,10,1,21,0.990072887900129,0,0,1,replayed_pf_result
3,10,1,22,1.00187361268238,0,0,1,replayed_pf_result
3,10,1,23,0.994568874774562,0,0,1,replayed_pf_result
3,10,1,24,1.00043470444596,0,0,1,replayed_pf_result
3,10,1,25,1.01534093409475,0,0,1,replayed_pf_result
3,10,1,26,1.01119069273297,0,0,1,replayed_pf_result
3,10,1,27,0.996100113079034,0,0,1,replayed_pf_result
3,10,1,28,1.01748279200754,0,0,1,replayed_pf_result
3,10,1,29,1.01956478010342,0,0,1,replayed_pf_result
3,10,1,30,1,0,0,1,replayed_pf_result
3,10,1,31,1,0,0,1,replayed_pf_result
3,10,1,32,1,0,0,1,replayed_pf_result
3,10,1,33,1,0,0,1,replayed_pf_result
3,10,1,34,1,0,0,1,replayed_pf_result
3,10,1,35,1,0,0,1,replayed_pf_result
3,10,1,36,1,0,0,1,replayed_pf_result
3,10,1,37,1,0,0,1,replayed_pf_result
3,10,1,38,1,0,0,1,replayed_pf_result
3,10,1,39,1,0,0,1,replayed_pf_result
3,11,1,1,1.00164346980456,0,0,1,replayed_pf_result
3,11,1,2,1.01885539510292,0,0,1,replayed_pf_result
3,11,1,3,0.983160765113037,0,0,1,replayed_pf_result
3,11,1,4,0.977302393944421,0,0,1,replayed_pf_result
3,11,1,5,0.988615289326593,0,0,1,replayed_pf_result
3,11,1,6,0.99324248406057,0,0,1,replayed_pf_result
3,11,1,7,0.981309850927312,0,0,1,replayed_pf_result
3,11,1,8,0.979868614826766,0,0,1,replayed_pf_result
3,11,1,9,1.01308036430126,0,0,1,replayed_pf_result
3,11,1,10,1.00747273128935,0,0,1,replayed_pf_result
3,11,1,11,1.00144231319017,0,0,1,replayed_pf_result
3,11,1,12,0.987474590289329,0,0,1,replayed_pf_result
3,11,1,13,1.00087600308678,0,0,1,replayed_pf_result
3,11,1,14,0.989746975447847,0,0,1,replayed_pf_result
3,11,1,15,0.984230757042708,0,0,1,replayed_pf_result
3,11,1,16,0.997092910254388,0,0,1,replayed_pf_result
3,11,1,17,0.993953063683879,0,0,1,replayed_pf_result
3,11,1,18,0.988092322932338,0,0,1,replayed_pf_result
3,11,1,19,1.03591924219648,0,0,1,replayed_pf_result
3,11,1,20,0.977637289881188,0,0,1,replayed_pf_result
3,11,1,21,0.990072887900129,0,0,1,replayed_pf_result
3,11,1,22,1.00187361268238,0,0,1,replayed_pf_result
3,11,1,23,0.994568874774562,0,0,1,replayed_pf_result
3,11,1,24,1.00043470444596,0,0,1,replayed_pf_result
3,11,1,25,1.01534093409475,0,0,1,replayed_pf_result
3,11,1,26,1.01119069273297,0,0,1,replayed_pf_result
3,11,1,27,0.996100113079034,0,0,1,replayed_pf_result
3,11,1,28,1.01748279200754,0,0,1,replayed_pf_result
3,11,1,29,1.01956478010342,0,0,1,replayed_pf_result
3,11,1,30,1,0,0,1,replayed_pf_result
3,11,1,31,1,0,0,1,replayed_pf_result
3,11,1,32,1,0,0,1,replayed_pf_result
3,11,1,33,1,0,0,1,replayed_pf_result
3,11,1,34,1,0,0,1,replayed_pf_result
3,11,1,35,1,0,0,1,replayed_pf_result
3,11,1,36,1,0,0,1,replayed_pf_result
3,11,1,37,1,0,0,1,replayed_pf_result
3,11,1,38,1,0,0,1,replayed_pf_result
3,11,1,39,1,0,0,1,replayed_pf_result
3,12,1,1,1.00164346980456,0,0,1,replayed_pf_result
3,12,1,2,1.01885539510292,0,0,1,replayed_pf_result
3,12,1,3,0.983160765113037,0,0,1,replayed_pf_result
3,12,1,4,0.977302393944421,0,0,1,replayed_pf_result
3,12,1,5,0.988615289326593,0,0,1,replayed_pf_result
3,12,1,6,0.99324248406057,0,0,1,replayed_pf_result
3,12,1,7,0.981309850927312,0,0,1,replayed_pf_result
3,12,1,8,0.979868614826766,0,0,1,replayed_pf_result
3,12,1,9,1.01308036430126,0,0,1,replayed_pf_result
3,12,1,10,1.00747273128935,0,0,1,replayed_pf_result
3,12,1,11,1.00144231319017,0,0,1,replayed_pf_result
3,12,1,12,0.987474590289329,0,0,1,replayed_pf_result
3,12,1,13,1.00087600308678,0,0,1,replayed_pf_result
3,12,1,14,0.989746975447847,0,0,1,replayed_pf_result
3,12,1,15,0.984230757042708,0,0,1,replayed_pf_result
3,12,1,16,0.997092910254388,0,0,1,replayed_pf_result
3,12,1,17,0.993953063683879,0,0,1,replayed_pf_result
3,12,1,18,0.988092322932338,0,0,1,replayed_pf_result
3,12,1,19,1.03591924219648,0,0,1,replayed_pf_result
3,12,1,20,0.977637289881188,0,0,1,replayed_pf_result
3,12,1,21,0.990072887900129,0,0,1,replayed_pf_result
3,12,1,22,1.00187361268238,0,0,1,replayed_pf_result
3,12,1,23,0.994568874774562,0,0,1,replayed_pf_result
3,12,1,24,1.00043470444596,0,0,1,replayed_pf_result
3,12,1,25,1.01534093409475,0,0,1,replayed_pf_result
3,12,1,26,1.01119069273297,0,0,1,replayed_pf_result
3,12,1,27,0.996100113079034,0,0,1,replayed_pf_result
3,12,1,28,1.01748279200754,0,0,1,replayed_pf_result
3,12,1,29,1.01956478010342,0,0,1,replayed_pf_result
3,12,1,30,1,0,0,1,replayed_pf_result
3,12,1,31,1,0,0,1,replayed_pf_result
3,12,1,32,1,0,0,1,replayed_pf_result
3,12,1,33,1,0,0,1,replayed_pf_result
3,12,1,34,1,0,0,1,replayed_pf_result
3,12,1,35,1,0,0,1,replayed_pf_result
3,12,1,36,1,0,0,1,replayed_pf_result
3,12,1,37,1,0,0,1,replayed_pf_result
3,12,1,38,1,0,0,1,replayed_pf_result
3,12,1,39,1,0,0,1,replayed_pf_result
3,13,1,1,1.00164346980456,0,0,1,replayed_pf_result
3,13,1,2,1.01885539510292,0,0,1,replayed_pf_result
3,13,1,3,0.983160765113037,0,0,1,replayed_pf_result
3,13,1,4,0.977302393944421,0,0,1,replayed_pf_result
3,13,1,5,0.988615289326593,0,0,1,replayed_pf_result
3,13,1,6,0.99324248406057,0,0,1,replayed_pf_result
3,13,1,7,0.981309850927312,0,0,1,replayed_pf_result
3,13,1,8,0.979868614826766,0,0,1,replayed_pf_result
3,13,1,9,1.01308036430126,0,0,1,replayed_pf_result
3,13,1,10,1.00747273128935,0,0,1,replayed_pf_result
3,13,1,11,1.00144231319017,0,0,1,replayed_pf_result
3,13,1,12,0.987474590289329,0,0,1,replayed_pf_result
3,13,1,13,1.00087600308678,0,0,1,replayed_pf_result
3,13,1,14,0.989746975447847,0,0,1,replayed_pf_result
3,13,1,15,0.984230757042708,0,0,1,replayed_pf_result
3,13,1,16,0.997092910254388,0,0,1,replayed_pf_result
3,13,1,17,0.993953063683879,0,0,1,replayed_pf_result
3,13,1,18,0.988092322932338,0,0,1,replayed_pf_result
3,13,1,19,1.03591924219648,0,0,1,replayed_pf_result
3,13,1,20,0.977637289881188,0,0,1,replayed_pf_result
3,13,1,21,0.990072887900129,0,0,1,replayed_pf_result
3,13,1,22,1.00187361268238,0,0,1,replayed_pf_result
3,13,1,23,0.994568874774562,0,0,1,replayed_pf_result
3,13,1,24,1.00043470444596,0,0,1,replayed_pf_result
3,13,1,25,1.01534093409475,0,0,1,replayed_pf_result
3,13,1,26,1.01119069273297,0,0,1,replayed_pf_result
3,13,1,27,0.996100113079034,0,0,1,replayed_pf_result
3,13,1,28,1.01748279200754,0,0,1,replayed_pf_result
3,13,1,29,1.01956478010342,0,0,1,replayed_pf_result
3,13,1,30,1,0,0,1,replayed_pf_result
3,13,1,31,1,0,0,1,replayed_pf_result
3,13,1,32,1,0,0,1,replayed_pf_result
3,13,1,33,1,0,0,1,replayed_pf_result
3,13,1,34,1,0,0,1,replayed_pf_result
3,13,1,35,1,0,0,1,replayed_pf_result
3,13,1,36,1,0,0,1,replayed_pf_result
3,13,1,37,1,0,0,1,replayed_pf_result
3,13,1,38,1,0,0,1,replayed_pf_result
3,13,1,39,1,0,0,1,replayed_pf_result
3,14,1,1,1.00164346980456,0,0,1,replayed_pf_result
3,14,1,2,1.01885539510292,0,0,1,replayed_pf_result
3,14,1,3,0.983160765113037,0,0,1,replayed_pf_result
3,14,1,4,0.977302393944421,0,0,1,replayed_pf_result
3,14,1,5,0.988615289326593,0,0,1,replayed_pf_result
3,14,1,6,0.99324248406057,0,0,1,replayed_pf_result
3,14,1,7,0.981309850927312,0,0,1,replayed_pf_result
3,14,1,8,0.979868614826766,0,0,1,replayed_pf_result
3,14,1,9,1.01308036430126,0,0,1,replayed_pf_result
3,14,1,10,1.00747273128935,0,0,1,replayed_pf_result
3,14,1,11,1.00144231319017,0,0,1,replayed_pf_result
3,14,1,12,0.987474590289329,0,0,1,replayed_pf_result
3,14,1,13,1.00087600308678,0,0,1,replayed_pf_result
3,14,1,14,0.989746975447847,0,0,1,replayed_pf_result
3,14,1,15,0.984230757042708,0,0,1,replayed_pf_result
3,14,1,16,0.997092910254388,0,0,1,replayed_pf_result
3,14,1,17,0.993953063683879,0,0,1,replayed_pf_result
3,14,1,18,0.988092322932338,0,0,1,replayed_pf_result
3,14,1,19,1.03591924219648,0,0,1,replayed_pf_result
3,14,1,20,0.977637289881188,0,0,1,replayed_pf_result
3,14,1,21,0.990072887900129,0,0,1,replayed_pf_result
3,14,1,22,1.00187361268238,0,0,1,replayed_pf_result
3,14,1,23,0.994568874774562,0,0,1,replayed_pf_result
3,14,1,24,1.00043470444596,0,0,1,replayed_pf_result
3,14,1,25,1.01534093409475,0,0,1,replayed_pf_result
3,14,1,26,1.01119069273297,0,0,1,replayed_pf_result
3,14,1,27,0.996100113079034,0,0,1,replayed_pf_result
3,14,1,28,1.01748279200754,0,0,1,replayed_pf_result
3,14,1,29,1.01956478010342,0,0,1,replayed_pf_result
3,14,1,30,1,0,0,1,replayed_pf_result
3,14,1,31,1,0,0,1,replayed_pf_result
3,14,1,32,1,0,0,1,replayed_pf_result
3,14,1,33,1,0,0,1,replayed_pf_result
3,14,1,34,1,0,0,1,replayed_pf_result
3,14,1,35,1,0,0,1,replayed_pf_result
3,14,1,36,1,0,0,1,replayed_pf_result
3,14,1,37,1,0,0,1,replayed_pf_result
3,14,1,38,1,0,0,1,replayed_pf_result
3,14,1,39,1,0,0,1,replayed_pf_result
3,15,1,1,1.00164346980456,0,0,1,replayed_pf_result
3,15,1,2,1.01885539510292,0,0,1,replayed_pf_result
3,15,1,3,0.983160765113037,0,0,1,replayed_pf_result
3,15,1,4,0.977302393944421,0,0,1,replayed_pf_result
3,15,1,5,0.988615289326593,0,0,1,replayed_pf_result
3,15,1,6,0.99324248406057,0,0,1,replayed_pf_result
3,15,1,7,0.981309850927312,0,0,1,replayed_pf_result
3,15,1,8,0.979868614826766,0,0,1,replayed_pf_result
3,15,1,9,1.01308036430126,0,0,1,replayed_pf_result
3,15,1,10,1.00747273128935,0,0,1,replayed_pf_result
3,15,1,11,1.00144231319017,0,0,1,replayed_pf_result
3,15,1,12,0.987474590289329,0,0,1,replayed_pf_result
3,15,1,13,1.00087600308678,0,0,1,replayed_pf_result
3,15,1,14,0.989746975447847,0,0,1,replayed_pf_result
3,15,1,15,0.984230757042708,0,0,1,replayed_pf_result
3,15,1,16,0.997092910254388,0,0,1,replayed_pf_result
3,15,1,17,0.993953063683879,0,0,1,replayed_pf_result
3,15,1,18,0.988092322932338,0,0,1,replayed_pf_result
3,15,1,19,1.03591924219648,0,0,1,replayed_pf_result
3,15,1,20,0.977637289881188,0,0,1,replayed_pf_result
3,15,1,21,0.990072887900129,0,0,1,replayed_pf_result
3,15,1,22,1.00187361268238,0,0,1,replayed_pf_result
3,15,1,23,0.994568874774562,0,0,1,replayed_pf_result
3,15,1,24,1.00043470444596,0,0,1,replayed_pf_result
3,15,1,25,1.01534093409475,0,0,1,replayed_pf_result
3,15,1,26,1.01119069273297,0,0,1,replayed_pf_result
3,15,1,27,0.996100113079034,0,0,1,replayed_pf_result
3,15,1,28,1.01748279200754,0,0,1,replayed_pf_result
3,15,1,29,1.01956478010342,0,0,1,replayed_pf_result
3,15,1,30,1,0,0,1,replayed_pf_result
3,15,1,31,1,0,0,1,replayed_pf_result
3,15,1,32,1,0,0,1,replayed_pf_result
3,15,1,33,1,0,0,1,replayed_pf_result
3,15,1,34,1,0,0,1,replayed_pf_result
3,15,1,35,1,0,0,1,replayed_pf_result
3,15,1,36,1,0,0,1,replayed_pf_result
3,15,1,37,1,0,0,1,replayed_pf_result
3,15,1,38,1,0,0,1,replayed_pf_result
3,15,1,39,1,0,0,1,replayed_pf_result
3,16,1,1,1.00164346980456,0,0,1,replayed_pf_result
3,16,1,2,1.01885539510292,0,0,1,replayed_pf_result
3,16,1,3,0.983160765113037,0,0,1,replayed_pf_result
3,16,1,4,0.977302393944421,0,0,1,replayed_pf_result
3,16,1,5,0.988615289326593,0,0,1,replayed_pf_result
3,16,1,6,0.99324248406057,0,0,1,replayed_pf_result
3,16,1,7,0.981309850927312,0,0,1,replayed_pf_result
3,16,1,8,0.979868614826766,0,0,1,replayed_pf_result
3,16,1,9,1.01308036430126,0,0,1,replayed_pf_result
3,16,1,10,1.00747273128935,0,0,1,replayed_pf_result
3,16,1,11,1.00144231319017,0,0,1,replayed_pf_result
3,16,1,12,0.987474590289329,0,0,1,replayed_pf_result
3,16,1,13,1.00087600308678,0,0,1,replayed_pf_result
3,16,1,14,0.989746975447847,0,0,1,replayed_pf_result
3,16,1,15,0.984230757042708,0,0,1,replayed_pf_result
3,16,1,16,0.997092910254388,0,0,1,replayed_pf_result
3,16,1,17,0.993953063683879,0,0,1,replayed_pf_result
3,16,1,18,0.988092322932338,0,0,1,replayed_pf_result
3,16,1,19,1.03591924219648,0,0,1,replayed_pf_result
3,16,1,20,0.977637289881188,0,0,1,replayed_pf_result
3,16,1,21,0.990072887900129,0,0,1,replayed_pf_result
3,16,1,22,1.00187361268238,0,0,1,replayed_pf_result
3,16,1,23,0.994568874774562,0,0,1,replayed_pf_result
3,16,1,24,1.00043470444596,0,0,1,replayed_pf_result
3,16,1,25,1.01534093409475,0,0,1,replayed_pf_result
3,16,1,26,1.01119069273297,0,0,1,replayed_pf_result
3,16,1,27,0.996100113079034,0,0,1,replayed_pf_result
3,16,1,28,1.01748279200754,0,0,1,replayed_pf_result
3,16,1,29,1.01956478010342,0,0,1,replayed_pf_result
3,16,1,30,1,0,0,1,replayed_pf_result
3,16,1,31,1,0,0,1,replayed_pf_result
3,16,1,32,1,0,0,1,replayed_pf_result
3,16,1,33,1,0,0,1,replayed_pf_result
3,16,1,34,1,0,0,1,replayed_pf_result
3,16,1,35,1,0,0,1,replayed_pf_result
3,16,1,36,1,0,0,1,replayed_pf_result
3,16,1,37,1,0,0,1,replayed_pf_result
3,16,1,38,1,0,0,1,replayed_pf_result
3,16,1,39,1,0,0,1,replayed_pf_result
3,17,1,1,1.00164346980456,0,0,1,replayed_pf_result
3,17,1,2,1.01885539510292,0,0,1,replayed_pf_result
3,17,1,3,0.983160765113037,0,0,1,replayed_pf_result
3,17,1,4,0.977302393944421,0,0,1,replayed_pf_result
3,17,1,5,0.988615289326593,0,0,1,replayed_pf_result
3,17,1,6,0.99324248406057,0,0,1,replayed_pf_result
3,17,1,7,0.981309850927312,0,0,1,replayed_pf_result
3,17,1,8,0.979868614826766,0,0,1,replayed_pf_result
3,17,1,9,1.01308036430126,0,0,1,replayed_pf_result
3,17,1,10,1.00747273128935,0,0,1,replayed_pf_result
3,17,1,11,1.00144231319017,0,0,1,replayed_pf_result
3,17,1,12,0.987474590289329,0,0,1,replayed_pf_result
3,17,1,13,1.00087600308678,0,0,1,replayed_pf_result
3,17,1,14,0.989746975447847,0,0,1,replayed_pf_result
3,17,1,15,0.984230757042708,0,0,1,replayed_pf_result
3,17,1,16,0.997092910254388,0,0,1,replayed_pf_result
3,17,1,17,0.993953063683879,0,0,1,replayed_pf_result
3,17,1,18,0.988092322932338,0,0,1,replayed_pf_result
3,17,1,19,1.03591924219648,0,0,1,replayed_pf_result
3,17,1,20,0.977637289881188,0,0,1,replayed_pf_result
3,17,1,21,0.990072887900129,0,0,1,replayed_pf_result
3,17,1,22,1.00187361268238,0,0,1,replayed_pf_result
3,17,1,23,0.994568874774562,0,0,1,replayed_pf_result
3,17,1,24,1.00043470444596,0,0,1,replayed_pf_result
3,17,1,25,1.01534093409475,0,0,1,replayed_pf_result
3,17,1,26,1.01119069273297,0,0,1,replayed_pf_result
3,17,1,27,0.996100113079034,0,0,1,replayed_pf_result
3,17,1,28,1.01748279200754,0,0,1,replayed_pf_result
3,17,1,29,1.01956478010342,0,0,1,replayed_pf_result
3,17,1,30,1,0,0,1,replayed_pf_result
3,17,1,31,1,0,0,1,replayed_pf_result
3,17,1,32,1,0,0,1,replayed_pf_result
3,17,1,33,1,0,0,1,replayed_pf_result
3,17,1,34,1,0,0,1,replayed_pf_result
3,17,1,35,1,0,0,1,replayed_pf_result
3,17,1,36,1,0,0,1,replayed_pf_result
3,17,1,37,1,0,0,1,replayed_pf_result
3,17,1,38,1,0,0,1,replayed_pf_result
3,17,1,39,1,0,0,1,replayed_pf_result
3,18,1,1,1.00164346980456,0,0,1,replayed_pf_result
3,18,1,2,1.01885539510292,0,0,1,replayed_pf_result
3,18,1,3,0.983160765113037,0,0,1,replayed_pf_result
3,18,1,4,0.977302393944421,0,0,1,replayed_pf_result
3,18,1,5,0.988615289326593,0,0,1,replayed_pf_result
3,18,1,6,0.99324248406057,0,0,1,replayed_pf_result
3,18,1,7,0.981309850927312,0,0,1,replayed_pf_result
3,18,1,8,0.979868614826766,0,0,1,replayed_pf_result
3,18,1,9,1.01308036430126,0,0,1,replayed_pf_result
3,18,1,10,1.00747273128935,0,0,1,replayed_pf_result
3,18,1,11,1.00144231319017,0,0,1,replayed_pf_result
3,18,1,12,0.987474590289329,0,0,1,replayed_pf_result
3,18,1,13,1.00087600308678,0,0,1,replayed_pf_result
3,18,1,14,0.989746975447847,0,0,1,replayed_pf_result
3,18,1,15,0.984230757042708,0,0,1,replayed_pf_result
3,18,1,16,0.997092910254388,0,0,1,replayed_pf_result
3,18,1,17,0.993953063683879,0,0,1,replayed_pf_result
3,18,1,18,0.988092322932338,0,0,1,replayed_pf_result
3,18,1,19,1.03591924219648,0,0,1,replayed_pf_result
3,18,1,20,0.977637289881188,0,0,1,replayed_pf_result
3,18,1,21,0.990072887900129,0,0,1,replayed_pf_result
3,18,1,22,1.00187361268238,0,0,1,replayed_pf_result
3,18,1,23,0.994568874774562,0,0,1,replayed_pf_result
3,18,1,24,1.00043470444596,0,0,1,replayed_pf_result
3,18,1,25,1.01534093409475,0,0,1,replayed_pf_result
3,18,1,26,1.01119069273297,0,0,1,replayed_pf_result
3,18,1,27,0.996100113079034,0,0,1,replayed_pf_result
3,18,1,28,1.01748279200754,0,0,1,replayed_pf_result
3,18,1,29,1.01956478010342,0,0,1,replayed_pf_result
3,18,1,30,1,0,0,1,replayed_pf_result
3,18,1,31,1,0,0,1,replayed_pf_result
3,18,1,32,1,0,0,1,replayed_pf_result
3,18,1,33,1,0,0,1,replayed_pf_result
3,18,1,34,1,0,0,1,replayed_pf_result
3,18,1,35,1,0,0,1,replayed_pf_result
3,18,1,36,1,0,0,1,replayed_pf_result
3,18,1,37,1,0,0,1,replayed_pf_result
3,18,1,38,1,0,0,1,replayed_pf_result
3,18,1,39,1,0,0,1,replayed_pf_result
3,19,1,1,1.00164346980456,0,0,1,replayed_pf_result
3,19,1,2,1.01885539510292,0,0,1,replayed_pf_result
3,19,1,3,0.983160765113037,0,0,1,replayed_pf_result
3,19,1,4,0.977302393944421,0,0,1,replayed_pf_result
3,19,1,5,0.988615289326593,0,0,1,replayed_pf_result
3,19,1,6,0.99324248406057,0,0,1,replayed_pf_result
3,19,1,7,0.981309850927312,0,0,1,replayed_pf_result
3,19,1,8,0.979868614826766,0,0,1,replayed_pf_result
3,19,1,9,1.01308036430126,0,0,1,replayed_pf_result
3,19,1,10,1.00747273128935,0,0,1,replayed_pf_result
3,19,1,11,1.00144231319017,0,0,1,replayed_pf_result
3,19,1,12,0.987474590289329,0,0,1,replayed_pf_result
3,19,1,13,1.00087600308678,0,0,1,replayed_pf_result
3,19,1,14,0.989746975447847,0,0,1,replayed_pf_result
3,19,1,15,0.984230757042708,0,0,1,replayed_pf_result
3,19,1,16,0.997092910254388,0,0,1,replayed_pf_result
3,19,1,17,0.993953063683879,0,0,1,replayed_pf_result
3,19,1,18,0.988092322932338,0,0,1,replayed_pf_result
3,19,1,19,1.03591924219648,0,0,1,replayed_pf_result
3,19,1,20,0.977637289881188,0,0,1,replayed_pf_result
3,19,1,21,0.990072887900129,0,0,1,replayed_pf_result
3,19,1,22,1.00187361268238,0,0,1,replayed_pf_result
3,19,1,23,0.994568874774562,0,0,1,replayed_pf_result
3,19,1,24,1.00043470444596,0,0,1,replayed_pf_result
3,19,1,25,1.01534093409475,0,0,1,replayed_pf_result
3,19,1,26,1.01119069273297,0,0,1,replayed_pf_result
3,19,1,27,0.996100113079034,0,0,1,replayed_pf_result
3,19,1,28,1.01748279200754,0,0,1,replayed_pf_result
3,19,1,29,1.01956478010342,0,0,1,replayed_pf_result
3,19,1,30,1,0,0,1,replayed_pf_result
3,19,1,31,1,0,0,1,replayed_pf_result
3,19,1,32,1,0,0,1,replayed_pf_result
3,19,1,33,1,0,0,1,replayed_pf_result
3,19,1,34,1,0,0,1,replayed_pf_result
3,19,1,35,1,0,0,1,replayed_pf_result
3,19,1,36,1,0,0,1,replayed_pf_result
3,19,1,37,1,0,0,1,replayed_pf_result
3,19,1,38,1,0,0,1,replayed_pf_result
3,19,1,39,1,0,0,1,replayed_pf_result
3,20,1,1,1.00164346980456,0,0,1,replayed_pf_result
3,20,1,2,1.01885539510292,0,0,1,replayed_pf_result
3,20,1,3,0.983160765113037,0,0,1,replayed_pf_result
3,20,1,4,0.977302393944421,0,0,1,replayed_pf_result
3,20,1,5,0.988615289326593,0,0,1,replayed_pf_result
3,20,1,6,0.99324248406057,0,0,1,replayed_pf_result
3,20,1,7,0.981309850927312,0,0,1,replayed_pf_result
3,20,1,8,0.979868614826766,0,0,1,replayed_pf_result
3,20,1,9,1.01308036430126,0,0,1,replayed_pf_result
3,20,1,10,1.00747273128935,0,0,1,replayed_pf_result
3,20,1,11,1.00144231319017,0,0,1,replayed_pf_result
3,20,1,12,0.987474590289329,0,0,1,replayed_pf_result
3,20,1,13,1.00087600308678,0,0,1,replayed_pf_result
3,20,1,14,0.989746975447847,0,0,1,replayed_pf_result
3,20,1,15,0.984230757042708,0,0,1,replayed_pf_result
3,20,1,16,0.997092910254388,0,0,1,replayed_pf_result
3,20,1,17,0.993953063683879,0,0,1,replayed_pf_result
3,20,1,18,0.988092322932338,0,0,1,replayed_pf_result
3,20,1,19,1.03591924219648,0,0,1,replayed_pf_result
3,20,1,20,0.977637289881188,0,0,1,replayed_pf_result
3,20,1,21,0.990072887900129,0,0,1,replayed_pf_result
3,20,1,22,1.00187361268238,0,0,1,replayed_pf_result
3,20,1,23,0.994568874774562,0,0,1,replayed_pf_result
3,20,1,24,1.00043470444596,0,0,1,replayed_pf_result
3,20,1,25,1.01534093409475,0,0,1,replayed_pf_result
3,20,1,26,1.01119069273297,0,0,1,replayed_pf_result
3,20,1,27,0.996100113079034,0,0,1,replayed_pf_result
3,20,1,28,1.01748279200754,0,0,1,replayed_pf_result
3,20,1,29,1.01956478010342,0,0,1,replayed_pf_result
3,20,1,30,1,0,0,1,replayed_pf_result
3,20,1,31,1,0,0,1,replayed_pf_result
3,20,1,32,1,0,0,1,replayed_pf_result
3,20,1,33,1,0,0,1,replayed_pf_result
3,20,1,34,1,0,0,1,replayed_pf_result
3,20,1,35,1,0,0,1,replayed_pf_result
3,20,1,36,1,0,0,1,replayed_pf_result
3,20,1,37,1,0,0,1,replayed_pf_result
3,20,1,38,1,0,0,1,replayed_pf_result
3,20,1,39,1,0,0,1,replayed_pf_result
4,1,1,1,1.00531985608339,0,0,1,replayed_pf_result
4,1,1,2,1.0151030071583,0,0,1,replayed_pf_result
4,1,1,3,1.00280748256704,0,0,1,replayed_pf_result
4,1,1,4,0.986961562397084,0,0,1,replayed_pf_result
4,1,1,5,0.993498886852169,0,0,1,replayed_pf_result
4,1,1,6,0.997492449502451,0,0,1,replayed_pf_result
4,1,1,7,0.984790230813567,0,0,1,replayed_pf_result
4,1,1,8,0.983045733450029,0,0,1,replayed_pf_result
4,1,1,9,1.01248921835266,0,0,1,replayed_pf_result
4,1,1,10,1.01189826227608,0,0,1,replayed_pf_result
4,1,1,11,1.00580816503093,0,0,1,replayed_pf_result
4,1,1,12,0.992439815751322,0,0,1,replayed_pf_result
4,1,1,13,1.00617781823489,0,0,1,replayed_pf_result
4,1,1,14,0.99696183302476,0,0,1,replayed_pf_result
4,1,1,15,0.990672861305489,0,0,1,replayed_pf_result
4,1,1,16,1.00312676303933,0,0,1,replayed_pf_result
4,1,1,17,1.00321378227065,0,0,1,replayed_pf_result
4,1,1,18,1.00150068376685,0,0,1,replayed_pf_result
4,1,1,19,1.03813779655975,0,0,1,replayed_pf_result
4,1,1,20,0.978848557265166,0,0,1,replayed_pf_result
4,1,1,21,0.994327825196849,0,0,1,replayed_pf_result
4,1,1,22,1.00415470237161,0,0,1,replayed_pf_result
4,1,1,23,0.996931468270458,0,0,1,replayed_pf_result
4,1,1,24,1.00593523524653,0,0,1,replayed_pf_result
4,1,1,25,1.01301447106545,0,0,1,replayed_pf_result
4,1,1,26,1.01462286797707,0,0,1,replayed_pf_result
4,1,1,27,1.00247871620992,0,0,1,replayed_pf_result
4,1,1,28,1.01925315501887,0,0,1,replayed_pf_result
4,1,1,29,1.02077797768199,0,0,1,replayed_pf_result
4,1,1,30,1,0,0,1,replayed_pf_result
4,1,1,31,1,0,0,1,replayed_pf_result
4,1,1,32,1,0,0,1,replayed_pf_result
4,1,1,33,1,0,0,1,replayed_pf_result
4,1,1,34,1,0,0,1,replayed_pf_result
4,1,1,35,1,0,0,1,replayed_pf_result
4,1,1,36,1,0,0,1,replayed_pf_result
4,1,1,37,1,0,0,1,replayed_pf_result
4,1,1,38,1,0,0,1,replayed_pf_result
4,1,1,39,1,0,0,1,replayed_pf_result
4,2,1,1,1.00531985608339,0,0,1,replayed_pf_result
4,2,1,2,1.0151030071583,0,0,1,replayed_pf_result
4,2,1,3,1.00280748256704,0,0,1,replayed_pf_result
4,2,1,4,0.986961562397084,0,0,1,replayed_pf_result
4,2,1,5,0.993498886852169,0,0,1,replayed_pf_result
4,2,1,6,0.997492449502451,0,0,1,replayed_pf_result
4,2,1,7,0.984790230813567,0,0,1,replayed_pf_result
4,2,1,8,0.983045733450029,0,0,1,replayed_pf_result
4,2,1,9,1.01248921835266,0,0,1,replayed_pf_result
4,2,1,10,1.01189826227608,0,0,1,replayed_pf_result
4,2,1,11,1.00580816503093,0,0,1,replayed_pf_result
4,2,1,12,0.992439815751322,0,0,1,replayed_pf_result
4,2,1,13,1.00617781823489,0,0,1,replayed_pf_result
4,2,1,14,0.99696183302476,0,0,1,replayed_pf_result
4,2,1,15,0.990672861305489,0,0,1,replayed_pf_result
4,2,1,16,1.00312676303933,0,0,1,replayed_pf_result
4,2,1,17,1.00321378227065,0,0,1,replayed_pf_result
4,2,1,18,1.00150068376685,0,0,1,replayed_pf_result
4,2,1,19,1.03813779655975,0,0,1,replayed_pf_result
4,2,1,20,0.978848557265166,0,0,1,replayed_pf_result
4,2,1,21,0.994327825196849,0,0,1,replayed_pf_result
4,2,1,22,1.00415470237161,0,0,1,replayed_pf_result
4,2,1,23,0.996931468270458,0,0,1,replayed_pf_result
4,2,1,24,1.00593523524653,0,0,1,replayed_pf_result
4,2,1,25,1.01301447106545,0,0,1,replayed_pf_result
4,2,1,26,1.01462286797707,0,0,1,replayed_pf_result
4,2,1,27,1.00247871620992,0,0,1,replayed_pf_result
4,2,1,28,1.01925315501887,0,0,1,replayed_pf_result
4,2,1,29,1.02077797768199,0,0,1,replayed_pf_result
4,2,1,30,1,0,0,1,replayed_pf_result
4,2,1,31,1,0,0,1,replayed_pf_result
4,2,1,32,1,0,0,1,replayed_pf_result
4,2,1,33,1,0,0,1,replayed_pf_result
4,2,1,34,1,0,0,1,replayed_pf_result
4,2,1,35,1,0,0,1,replayed_pf_result
4,2,1,36,1,0,0,1,replayed_pf_result
4,2,1,37,1,0,0,1,replayed_pf_result
4,2,1,38,1,0,0,1,replayed_pf_result
4,2,1,39,1,0,0,1,replayed_pf_result
4,3,1,1,1.00531985608339,0,0,1,replayed_pf_result
4,3,1,2,1.0151030071583,0,0,1,replayed_pf_result
4,3,1,3,1.00280748256704,0,0,1,replayed_pf_result
4,3,1,4,0.986961562397084,0,0,1,replayed_pf_result
4,3,1,5,0.993498886852169,0,0,1,replayed_pf_result
4,3,1,6,0.997492449502451,0,0,1,replayed_pf_result
4,3,1,7,0.984790230813567,0,0,1,replayed_pf_result
4,3,1,8,0.983045733450029,0,0,1,replayed_pf_result
4,3,1,9,1.01248921835266,0,0,1,replayed_pf_result
4,3,1,10,1.01189826227608,0,0,1,replayed_pf_result
4,3,1,11,1.00580816503093,0,0,1,replayed_pf_result
4,3,1,12,0.992439815751322,0,0,1,replayed_pf_result
4,3,1,13,1.00617781823489,0,0,1,replayed_pf_result
4,3,1,14,0.99696183302476,0,0,1,replayed_pf_result
4,3,1,15,0.990672861305489,0,0,1,replayed_pf_result
4,3,1,16,1.00312676303933,0,0,1,replayed_pf_result
4,3,1,17,1.00321378227065,0,0,1,replayed_pf_result
4,3,1,18,1.00150068376685,0,0,1,replayed_pf_result
4,3,1,19,1.03813779655975,0,0,1,replayed_pf_result
4,3,1,20,0.978848557265166,0,0,1,replayed_pf_result
4,3,1,21,0.994327825196849,0,0,1,replayed_pf_result
4,3,1,22,1.00415470237161,0,0,1,replayed_pf_result
4,3,1,23,0.996931468270458,0,0,1,replayed_pf_result
4,3,1,24,1.00593523524653,0,0,1,replayed_pf_result
4,3,1,25,1.01301447106545,0,0,1,replayed_pf_result
4,3,1,26,1.01462286797707,0,0,1,replayed_pf_result
4,3,1,27,1.00247871620992,0,0,1,replayed_pf_result
4,3,1,28,1.01925315501887,0,0,1,replayed_pf_result
4,3,1,29,1.02077797768199,0,0,1,replayed_pf_result
4,3,1,30,1,0,0,1,replayed_pf_result
4,3,1,31,1,0,0,1,replayed_pf_result
4,3,1,32,1,0,0,1,replayed_pf_result
4,3,1,33,1,0,0,1,replayed_pf_result
4,3,1,34,1,0,0,1,replayed_pf_result
4,3,1,35,1,0,0,1,replayed_pf_result
4,3,1,36,1,0,0,1,replayed_pf_result
4,3,1,37,1,0,0,1,replayed_pf_result
4,3,1,38,1,0,0,1,replayed_pf_result
4,3,1,39,1,0,0,1,replayed_pf_result
4,4,1,1,1.00531985608339,0,0,1,replayed_pf_result
4,4,1,2,1.0151030071583,0,0,1,replayed_pf_result
4,4,1,3,1.00280748256704,0,0,1,replayed_pf_result
4,4,1,4,0.986961562397084,0,0,1,replayed_pf_result
4,4,1,5,0.993498886852169,0,0,1,replayed_pf_result
4,4,1,6,0.997492449502451,0,0,1,replayed_pf_result
4,4,1,7,0.984790230813567,0,0,1,replayed_pf_result
4,4,1,8,0.983045733450029,0,0,1,replayed_pf_result
4,4,1,9,1.01248921835266,0,0,1,replayed_pf_result
4,4,1,10,1.01189826227608,0,0,1,replayed_pf_result
4,4,1,11,1.00580816503093,0,0,1,replayed_pf_result
4,4,1,12,0.992439815751322,0,0,1,replayed_pf_result
4,4,1,13,1.00617781823489,0,0,1,replayed_pf_result
4,4,1,14,0.99696183302476,0,0,1,replayed_pf_result
4,4,1,15,0.990672861305489,0,0,1,replayed_pf_result
4,4,1,16,1.00312676303933,0,0,1,replayed_pf_result
4,4,1,17,1.00321378227065,0,0,1,replayed_pf_result
4,4,1,18,1.00150068376685,0,0,1,replayed_pf_result
4,4,1,19,1.03813779655975,0,0,1,replayed_pf_result
4,4,1,20,0.978848557265166,0,0,1,replayed_pf_result
4,4,1,21,0.994327825196849,0,0,1,replayed_pf_result
4,4,1,22,1.00415470237161,0,0,1,replayed_pf_result
4,4,1,23,0.996931468270458,0,0,1,replayed_pf_result
4,4,1,24,1.00593523524653,0,0,1,replayed_pf_result
4,4,1,25,1.01301447106545,0,0,1,replayed_pf_result
4,4,1,26,1.01462286797707,0,0,1,replayed_pf_result
4,4,1,27,1.00247871620992,0,0,1,replayed_pf_result
4,4,1,28,1.01925315501887,0,0,1,replayed_pf_result
4,4,1,29,1.02077797768199,0,0,1,replayed_pf_result
4,4,1,30,1,0,0,1,replayed_pf_result
4,4,1,31,1,0,0,1,replayed_pf_result
4,4,1,32,1,0,0,1,replayed_pf_result
4,4,1,33,1,0,0,1,replayed_pf_result
4,4,1,34,1,0,0,1,replayed_pf_result
4,4,1,35,1,0,0,1,replayed_pf_result
4,4,1,36,1,0,0,1,replayed_pf_result
4,4,1,37,1,0,0,1,replayed_pf_result
4,4,1,38,1,0,0,1,replayed_pf_result
4,4,1,39,1,0,0,1,replayed_pf_result
4,5,1,1,1.00531985608339,0,0,1,replayed_pf_result
4,5,1,2,1.0151030071583,0,0,1,replayed_pf_result
4,5,1,3,1.00280748256704,0,0,1,replayed_pf_result
4,5,1,4,0.986961562397084,0,0,1,replayed_pf_result
4,5,1,5,0.993498886852169,0,0,1,replayed_pf_result
4,5,1,6,0.997492449502451,0,0,1,replayed_pf_result
4,5,1,7,0.984790230813567,0,0,1,replayed_pf_result
4,5,1,8,0.983045733450029,0,0,1,replayed_pf_result
4,5,1,9,1.01248921835266,0,0,1,replayed_pf_result
4,5,1,10,1.01189826227608,0,0,1,replayed_pf_result
4,5,1,11,1.00580816503093,0,0,1,replayed_pf_result
4,5,1,12,0.992439815751322,0,0,1,replayed_pf_result
4,5,1,13,1.00617781823489,0,0,1,replayed_pf_result
4,5,1,14,0.99696183302476,0,0,1,replayed_pf_result
4,5,1,15,0.990672861305489,0,0,1,replayed_pf_result
4,5,1,16,1.00312676303933,0,0,1,replayed_pf_result
4,5,1,17,1.00321378227065,0,0,1,replayed_pf_result
4,5,1,18,1.00150068376685,0,0,1,replayed_pf_result
4,5,1,19,1.03813779655975,0,0,1,replayed_pf_result
4,5,1,20,0.978848557265166,0,0,1,replayed_pf_result
4,5,1,21,0.994327825196849,0,0,1,replayed_pf_result
4,5,1,22,1.00415470237161,0,0,1,replayed_pf_result
4,5,1,23,0.996931468270458,0,0,1,replayed_pf_result
4,5,1,24,1.00593523524653,0,0,1,replayed_pf_result
4,5,1,25,1.01301447106545,0,0,1,replayed_pf_result
4,5,1,26,1.01462286797707,0,0,1,replayed_pf_result
4,5,1,27,1.00247871620992,0,0,1,replayed_pf_result
4,5,1,28,1.01925315501887,0,0,1,replayed_pf_result
4,5,1,29,1.02077797768199,0,0,1,replayed_pf_result
4,5,1,30,1,0,0,1,replayed_pf_result
4,5,1,31,1,0,0,1,replayed_pf_result
4,5,1,32,1,0,0,1,replayed_pf_result
4,5,1,33,1,0,0,1,replayed_pf_result
4,5,1,34,1,0,0,1,replayed_pf_result
4,5,1,35,1,0,0,1,replayed_pf_result
4,5,1,36,1,0,0,1,replayed_pf_result
4,5,1,37,1,0,0,1,replayed_pf_result
4,5,1,38,1,0,0,1,replayed_pf_result
4,5,1,39,1,0,0,1,replayed_pf_result
4,6,1,1,1.00531985608339,0,0,1,replayed_pf_result
4,6,1,2,1.0151030071583,0,0,1,replayed_pf_result
4,6,1,3,1.00280748256704,0,0,1,replayed_pf_result
4,6,1,4,0.986961562397084,0,0,1,replayed_pf_result
4,6,1,5,0.993498886852169,0,0,1,replayed_pf_result
4,6,1,6,0.997492449502451,0,0,1,replayed_pf_result
4,6,1,7,0.984790230813567,0,0,1,replayed_pf_result
4,6,1,8,0.983045733450029,0,0,1,replayed_pf_result
4,6,1,9,1.01248921835266,0,0,1,replayed_pf_result
4,6,1,10,1.01189826227608,0,0,1,replayed_pf_result
4,6,1,11,1.00580816503093,0,0,1,replayed_pf_result
4,6,1,12,0.992439815751322,0,0,1,replayed_pf_result
4,6,1,13,1.00617781823489,0,0,1,replayed_pf_result
4,6,1,14,0.99696183302476,0,0,1,replayed_pf_result
4,6,1,15,0.990672861305489,0,0,1,replayed_pf_result
4,6,1,16,1.00312676303933,0,0,1,replayed_pf_result
4,6,1,17,1.00321378227065,0,0,1,replayed_pf_result
4,6,1,18,1.00150068376685,0,0,1,replayed_pf_result
4,6,1,19,1.03813779655975,0,0,1,replayed_pf_result
4,6,1,20,0.978848557265166,0,0,1,replayed_pf_result
4,6,1,21,0.994327825196849,0,0,1,replayed_pf_result
4,6,1,22,1.00415470237161,0,0,1,replayed_pf_result
4,6,1,23,0.996931468270458,0,0,1,replayed_pf_result
4,6,1,24,1.00593523524653,0,0,1,replayed_pf_result
4,6,1,25,1.01301447106545,0,0,1,replayed_pf_result
4,6,1,26,1.01462286797707,0,0,1,replayed_pf_result
4,6,1,27,1.00247871620992,0,0,1,replayed_pf_result
4,6,1,28,1.01925315501887,0,0,1,replayed_pf_result
4,6,1,29,1.02077797768199,0,0,1,replayed_pf_result
4,6,1,30,1,0,0,1,replayed_pf_result
4,6,1,31,1,0,0,1,replayed_pf_result
4,6,1,32,1,0,0,1,replayed_pf_result
4,6,1,33,1,0,0,1,replayed_pf_result
4,6,1,34,1,0,0,1,replayed_pf_result
4,6,1,35,1,0,0,1,replayed_pf_result
4,6,1,36,1,0,0,1,replayed_pf_result
4,6,1,37,1,0,0,1,replayed_pf_result
4,6,1,38,1,0,0,1,replayed_pf_result
4,6,1,39,1,0,0,1,replayed_pf_result
4,7,1,1,1.00531985608339,0,0,1,replayed_pf_result
4,7,1,2,1.0151030071583,0,0,1,replayed_pf_result
4,7,1,3,1.00280748256704,0,0,1,replayed_pf_result
4,7,1,4,0.986961562397084,0,0,1,replayed_pf_result
4,7,1,5,0.993498886852169,0,0,1,replayed_pf_result
4,7,1,6,0.997492449502451,0,0,1,replayed_pf_result
4,7,1,7,0.984790230813567,0,0,1,replayed_pf_result
4,7,1,8,0.983045733450029,0,0,1,replayed_pf_result
4,7,1,9,1.01248921835266,0,0,1,replayed_pf_result
4,7,1,10,1.01189826227608,0,0,1,replayed_pf_result
4,7,1,11,1.00580816503093,0,0,1,replayed_pf_result
4,7,1,12,0.992439815751322,0,0,1,replayed_pf_result
4,7,1,13,1.00617781823489,0,0,1,replayed_pf_result
4,7,1,14,0.99696183302476,0,0,1,replayed_pf_result
4,7,1,15,0.990672861305489,0,0,1,replayed_pf_result
4,7,1,16,1.00312676303933,0,0,1,replayed_pf_result
4,7,1,17,1.00321378227065,0,0,1,replayed_pf_result
4,7,1,18,1.00150068376685,0,0,1,replayed_pf_result
4,7,1,19,1.03813779655975,0,0,1,replayed_pf_result
4,7,1,20,0.978848557265166,0,0,1,replayed_pf_result
4,7,1,21,0.994327825196849,0,0,1,replayed_pf_result
4,7,1,22,1.00415470237161,0,0,1,replayed_pf_result
4,7,1,23,0.996931468270458,0,0,1,replayed_pf_result
4,7,1,24,1.00593523524653,0,0,1,replayed_pf_result
4,7,1,25,1.01301447106545,0,0,1,replayed_pf_result
4,7,1,26,1.01462286797707,0,0,1,replayed_pf_result
4,7,1,27,1.00247871620992,0,0,1,replayed_pf_result
4,7,1,28,1.01925315501887,0,0,1,replayed_pf_result
4,7,1,29,1.02077797768199,0,0,1,replayed_pf_result
4,7,1,30,1,0,0,1,replayed_pf_result
4,7,1,31,1,0,0,1,replayed_pf_result
4,7,1,32,1,0,0,1,replayed_pf_result
4,7,1,33,1,0,0,1,replayed_pf_result
4,7,1,34,1,0,0,1,replayed_pf_result
4,7,1,35,1,0,0,1,replayed_pf_result
4,7,1,36,1,0,0,1,replayed_pf_result
4,7,1,37,1,0,0,1,replayed_pf_result
4,7,1,38,1,0,0,1,replayed_pf_result
4,7,1,39,1,0,0,1,replayed_pf_result
4,8,1,1,1.00531985608339,0,0,1,replayed_pf_result
4,8,1,2,1.0151030071583,0,0,1,replayed_pf_result
4,8,1,3,1.00280748256704,0,0,1,replayed_pf_result
4,8,1,4,0.986961562397084,0,0,1,replayed_pf_result
4,8,1,5,0.993498886852169,0,0,1,replayed_pf_result
4,8,1,6,0.997492449502451,0,0,1,replayed_pf_result
4,8,1,7,0.984790230813567,0,0,1,replayed_pf_result
4,8,1,8,0.983045733450029,0,0,1,replayed_pf_result
4,8,1,9,1.01248921835266,0,0,1,replayed_pf_result
4,8,1,10,1.01189826227608,0,0,1,replayed_pf_result
4,8,1,11,1.00580816503093,0,0,1,replayed_pf_result
4,8,1,12,0.992439815751322,0,0,1,replayed_pf_result
4,8,1,13,1.00617781823489,0,0,1,replayed_pf_result
4,8,1,14,0.99696183302476,0,0,1,replayed_pf_result
4,8,1,15,0.990672861305489,0,0,1,replayed_pf_result
4,8,1,16,1.00312676303933,0,0,1,replayed_pf_result
4,8,1,17,1.00321378227065,0,0,1,replayed_pf_result
4,8,1,18,1.00150068376685,0,0,1,replayed_pf_result
4,8,1,19,1.03813779655975,0,0,1,replayed_pf_result
4,8,1,20,0.978848557265166,0,0,1,replayed_pf_result
4,8,1,21,0.994327825196849,0,0,1,replayed_pf_result
4,8,1,22,1.00415470237161,0,0,1,replayed_pf_result
4,8,1,23,0.996931468270458,0,0,1,replayed_pf_result
4,8,1,24,1.00593523524653,0,0,1,replayed_pf_result
4,8,1,25,1.01301447106545,0,0,1,replayed_pf_result
4,8,1,26,1.01462286797707,0,0,1,replayed_pf_result
4,8,1,27,1.00247871620992,0,0,1,replayed_pf_result
4,8,1,28,1.01925315501887,0,0,1,replayed_pf_result
4,8,1,29,1.02077797768199,0,0,1,replayed_pf_result
4,8,1,30,1,0,0,1,replayed_pf_result
4,8,1,31,1,0,0,1,replayed_pf_result
4,8,1,32,1,0,0,1,replayed_pf_result
4,8,1,33,1,0,0,1,replayed_pf_result
4,8,1,34,1,0,0,1,replayed_pf_result
4,8,1,35,1,0,0,1,replayed_pf_result
4,8,1,36,1,0,0,1,replayed_pf_result
4,8,1,37,1,0,0,1,replayed_pf_result
4,8,1,38,1,0,0,1,replayed_pf_result
4,8,1,39,1,0,0,1,replayed_pf_result
4,9,1,1,1.00531985608339,0,0,1,replayed_pf_result
4,9,1,2,1.0151030071583,0,0,1,replayed_pf_result
4,9,1,3,1.00280748256704,0,0,1,replayed_pf_result
4,9,1,4,0.986961562397084,0,0,1,replayed_pf_result
4,9,1,5,0.993498886852169,0,0,1,replayed_pf_result
4,9,1,6,0.997492449502451,0,0,1,replayed_pf_result
4,9,1,7,0.984790230813567,0,0,1,replayed_pf_result
4,9,1,8,0.983045733450029,0,0,1,replayed_pf_result
4,9,1,9,1.01248921835266,0,0,1,replayed_pf_result
4,9,1,10,1.01189826227608,0,0,1,replayed_pf_result
4,9,1,11,1.00580816503093,0,0,1,replayed_pf_result
4,9,1,12,0.992439815751322,0,0,1,replayed_pf_result
4,9,1,13,1.00617781823489,0,0,1,replayed_pf_result
4,9,1,14,0.99696183302476,0,0,1,replayed_pf_result
4,9,1,15,0.990672861305489,0,0,1,replayed_pf_result
4,9,1,16,1.00312676303933,0,0,1,replayed_pf_result
4,9,1,17,1.00321378227065,0,0,1,replayed_pf_result
4,9,1,18,1.00150068376685,0,0,1,replayed_pf_result
4,9,1,19,1.03813779655975,0,0,1,replayed_pf_result
4,9,1,20,0.978848557265166,0,0,1,replayed_pf_result
4,9,1,21,0.994327825196849,0,0,1,replayed_pf_result
4,9,1,22,1.00415470237161,0,0,1,replayed_pf_result
4,9,1,23,0.996931468270458,0,0,1,replayed_pf_result
4,9,1,24,1.00593523524653,0,0,1,replayed_pf_result
4,9,1,25,1.01301447106545,0,0,1,replayed_pf_result
4,9,1,26,1.01462286797707,0,0,1,replayed_pf_result
4,9,1,27,1.00247871620992,0,0,1,replayed_pf_result
4,9,1,28,1.01925315501887,0,0,1,replayed_pf_result
4,9,1,29,1.02077797768199,0,0,1,replayed_pf_result
4,9,1,30,1,0,0,1,replayed_pf_result
4,9,1,31,1,0,0,1,replayed_pf_result
4,9,1,32,1,0,0,1,replayed_pf_result
4,9,1,33,1,0,0,1,replayed_pf_result
4,9,1,34,1,0,0,1,replayed_pf_result
4,9,1,35,1,0,0,1,replayed_pf_result
4,9,1,36,1,0,0,1,replayed_pf_result
4,9,1,37,1,0,0,1,replayed_pf_result
4,9,1,38,1,0,0,1,replayed_pf_result
4,9,1,39,1,0,0,1,replayed_pf_result
4,10,1,1,1.00531985608339,0,0,1,replayed_pf_result
4,10,1,2,1.0151030071583,0,0,1,replayed_pf_result
4,10,1,3,1.00280748256704,0,0,1,replayed_pf_result
4,10,1,4,0.986961562397084,0,0,1,replayed_pf_result
4,10,1,5,0.993498886852169,0,0,1,replayed_pf_result
4,10,1,6,0.997492449502451,0,0,1,replayed_pf_result
4,10,1,7,0.984790230813567,0,0,1,replayed_pf_result
4,10,1,8,0.983045733450029,0,0,1,replayed_pf_result
4,10,1,9,1.01248921835266,0,0,1,replayed_pf_result
4,10,1,10,1.01189826227608,0,0,1,replayed_pf_result
4,10,1,11,1.00580816503093,0,0,1,replayed_pf_result
4,10,1,12,0.992439815751322,0,0,1,replayed_pf_result
4,10,1,13,1.00617781823489,0,0,1,replayed_pf_result
4,10,1,14,0.99696183302476,0,0,1,replayed_pf_result
4,10,1,15,0.990672861305489,0,0,1,replayed_pf_result
4,10,1,16,1.00312676303933,0,0,1,replayed_pf_result
4,10,1,17,1.00321378227065,0,0,1,replayed_pf_result
4,10,1,18,1.00150068376685,0,0,1,replayed_pf_result
4,10,1,19,1.03813779655975,0,0,1,replayed_pf_result
4,10,1,20,0.978848557265166,0,0,1,replayed_pf_result
4,10,1,21,0.994327825196849,0,0,1,replayed_pf_result
4,10,1,22,1.00415470237161,0,0,1,replayed_pf_result
4,10,1,23,0.996931468270458,0,0,1,replayed_pf_result
4,10,1,24,1.00593523524653,0,0,1,replayed_pf_result
4,10,1,25,1.01301447106545,0,0,1,replayed_pf_result
4,10,1,26,1.01462286797707,0,0,1,replayed_pf_result
4,10,1,27,1.00247871620992,0,0,1,replayed_pf_result
4,10,1,28,1.01925315501887,0,0,1,replayed_pf_result
4,10,1,29,1.02077797768199,0,0,1,replayed_pf_result
4,10,1,30,1,0,0,1,replayed_pf_result
4,10,1,31,1,0,0,1,replayed_pf_result
4,10,1,32,1,0,0,1,replayed_pf_result
4,10,1,33,1,0,0,1,replayed_pf_result
4,10,1,34,1,0,0,1,replayed_pf_result
4,10,1,35,1,0,0,1,replayed_pf_result
4,10,1,36,1,0,0,1,replayed_pf_result
4,10,1,37,1,0,0,1,replayed_pf_result
4,10,1,38,1,0,0,1,replayed_pf_result
4,10,1,39,1,0,0,1,replayed_pf_result
4,11,1,1,1.00531985608339,0,0,1,replayed_pf_result
4,11,1,2,1.0151030071583,0,0,1,replayed_pf_result
4,11,1,3,1.00280748256704,0,0,1,replayed_pf_result
4,11,1,4,0.986961562397084,0,0,1,replayed_pf_result
4,11,1,5,0.993498886852169,0,0,1,replayed_pf_result
4,11,1,6,0.997492449502451,0,0,1,replayed_pf_result
4,11,1,7,0.984790230813567,0,0,1,replayed_pf_result
4,11,1,8,0.983045733450029,0,0,1,replayed_pf_result
4,11,1,9,1.01248921835266,0,0,1,replayed_pf_result
4,11,1,10,1.01189826227608,0,0,1,replayed_pf_result
4,11,1,11,1.00580816503093,0,0,1,replayed_pf_result
4,11,1,12,0.992439815751322,0,0,1,replayed_pf_result
4,11,1,13,1.00617781823489,0,0,1,replayed_pf_result
4,11,1,14,0.99696183302476,0,0,1,replayed_pf_result
4,11,1,15,0.990672861305489,0,0,1,replayed_pf_result
4,11,1,16,1.00312676303933,0,0,1,replayed_pf_result
4,11,1,17,1.00321378227065,0,0,1,replayed_pf_result
4,11,1,18,1.00150068376685,0,0,1,replayed_pf_result
4,11,1,19,1.03813779655975,0,0,1,replayed_pf_result
4,11,1,20,0.978848557265166,0,0,1,replayed_pf_result
4,11,1,21,0.994327825196849,0,0,1,replayed_pf_result
4,11,1,22,1.00415470237161,0,0,1,replayed_pf_result
4,11,1,23,0.996931468270458,0,0,1,replayed_pf_result
4,11,1,24,1.00593523524653,0,0,1,replayed_pf_result
4,11,1,25,1.01301447106545,0,0,1,replayed_pf_result
4,11,1,26,1.01462286797707,0,0,1,replayed_pf_result
4,11,1,27,1.00247871620992,0,0,1,replayed_pf_result
4,11,1,28,1.01925315501887,0,0,1,replayed_pf_result
4,11,1,29,1.02077797768199,0,0,1,replayed_pf_result
4,11,1,30,1,0,0,1,replayed_pf_result
4,11,1,31,1,0,0,1,replayed_pf_result
4,11,1,32,1,0,0,1,replayed_pf_result
4,11,1,33,1,0,0,1,replayed_pf_result
4,11,1,34,1,0,0,1,replayed_pf_result
4,11,1,35,1,0,0,1,replayed_pf_result
4,11,1,36,1,0,0,1,replayed_pf_result
4,11,1,37,1,0,0,1,replayed_pf_result
4,11,1,38,1,0,0,1,replayed_pf_result
4,11,1,39,1,0,0,1,replayed_pf_result
4,12,1,1,1.00531985608339,0,0,1,replayed_pf_result
4,12,1,2,1.0151030071583,0,0,1,replayed_pf_result
4,12,1,3,1.00280748256704,0,0,1,replayed_pf_result
4,12,1,4,0.986961562397084,0,0,1,replayed_pf_result
4,12,1,5,0.993498886852169,0,0,1,replayed_pf_result
4,12,1,6,0.997492449502451,0,0,1,replayed_pf_result
4,12,1,7,0.984790230813567,0,0,1,replayed_pf_result
4,12,1,8,0.983045733450029,0,0,1,replayed_pf_result
4,12,1,9,1.01248921835266,0,0,1,replayed_pf_result
4,12,1,10,1.01189826227608,0,0,1,replayed_pf_result
4,12,1,11,1.00580816503093,0,0,1,replayed_pf_result
4,12,1,12,0.992439815751322,0,0,1,replayed_pf_result
4,12,1,13,1.00617781823489,0,0,1,replayed_pf_result
4,12,1,14,0.99696183302476,0,0,1,replayed_pf_result
4,12,1,15,0.990672861305489,0,0,1,replayed_pf_result
4,12,1,16,1.00312676303933,0,0,1,replayed_pf_result
4,12,1,17,1.00321378227065,0,0,1,replayed_pf_result
4,12,1,18,1.00150068376685,0,0,1,replayed_pf_result
4,12,1,19,1.03813779655975,0,0,1,replayed_pf_result
4,12,1,20,0.978848557265166,0,0,1,replayed_pf_result
4,12,1,21,0.994327825196849,0,0,1,replayed_pf_result
4,12,1,22,1.00415470237161,0,0,1,replayed_pf_result
4,12,1,23,0.996931468270458,0,0,1,replayed_pf_result
4,12,1,24,1.00593523524653,0,0,1,replayed_pf_result
4,12,1,25,1.01301447106545,0,0,1,replayed_pf_result
4,12,1,26,1.01462286797707,0,0,1,replayed_pf_result
4,12,1,27,1.00247871620992,0,0,1,replayed_pf_result
4,12,1,28,1.01925315501887,0,0,1,replayed_pf_result
4,12,1,29,1.02077797768199,0,0,1,replayed_pf_result
4,12,1,30,1,0,0,1,replayed_pf_result
4,12,1,31,1,0,0,1,replayed_pf_result
4,12,1,32,1,0,0,1,replayed_pf_result
4,12,1,33,1,0,0,1,replayed_pf_result
4,12,1,34,1,0,0,1,replayed_pf_result
4,12,1,35,1,0,0,1,replayed_pf_result
4,12,1,36,1,0,0,1,replayed_pf_result
4,12,1,37,1,0,0,1,replayed_pf_result
4,12,1,38,1,0,0,1,replayed_pf_result
4,12,1,39,1,0,0,1,replayed_pf_result
4,13,1,1,1.00531985608339,0,0,1,replayed_pf_result
4,13,1,2,1.0151030071583,0,0,1,replayed_pf_result
4,13,1,3,1.00280748256704,0,0,1,replayed_pf_result
4,13,1,4,0.986961562397084,0,0,1,replayed_pf_result
4,13,1,5,0.993498886852169,0,0,1,replayed_pf_result
4,13,1,6,0.997492449502451,0,0,1,replayed_pf_result
4,13,1,7,0.984790230813567,0,0,1,replayed_pf_result
4,13,1,8,0.983045733450029,0,0,1,replayed_pf_result
4,13,1,9,1.01248921835266,0,0,1,replayed_pf_result
4,13,1,10,1.01189826227608,0,0,1,replayed_pf_result
4,13,1,11,1.00580816503093,0,0,1,replayed_pf_result
4,13,1,12,0.992439815751322,0,0,1,replayed_pf_result
4,13,1,13,1.00617781823489,0,0,1,replayed_pf_result
4,13,1,14,0.99696183302476,0,0,1,replayed_pf_result
4,13,1,15,0.990672861305489,0,0,1,replayed_pf_result
4,13,1,16,1.00312676303933,0,0,1,replayed_pf_result
4,13,1,17,1.00321378227065,0,0,1,replayed_pf_result
4,13,1,18,1.00150068376685,0,0,1,replayed_pf_result
4,13,1,19,1.03813779655975,0,0,1,replayed_pf_result
4,13,1,20,0.978848557265166,0,0,1,replayed_pf_result
4,13,1,21,0.994327825196849,0,0,1,replayed_pf_result
4,13,1,22,1.00415470237161,0,0,1,replayed_pf_result
4,13,1,23,0.996931468270458,0,0,1,replayed_pf_result
4,13,1,24,1.00593523524653,0,0,1,replayed_pf_result
4,13,1,25,1.01301447106545,0,0,1,replayed_pf_result
4,13,1,26,1.01462286797707,0,0,1,replayed_pf_result
4,13,1,27,1.00247871620992,0,0,1,replayed_pf_result
4,13,1,28,1.01925315501887,0,0,1,replayed_pf_result
4,13,1,29,1.02077797768199,0,0,1,replayed_pf_result
4,13,1,30,1,0,0,1,replayed_pf_result
4,13,1,31,1,0,0,1,replayed_pf_result
4,13,1,32,1,0,0,1,replayed_pf_result
4,13,1,33,1,0,0,1,replayed_pf_result
4,13,1,34,1,0,0,1,replayed_pf_result
4,13,1,35,1,0,0,1,replayed_pf_result
4,13,1,36,1,0,0,1,replayed_pf_result
4,13,1,37,1,0,0,1,replayed_pf_result
4,13,1,38,1,0,0,1,replayed_pf_result
4,13,1,39,1,0,0,1,replayed_pf_result
4,14,1,1,1.00531985608339,0,0,1,replayed_pf_result
4,14,1,2,1.0151030071583,0,0,1,replayed_pf_result
4,14,1,3,1.00280748256704,0,0,1,replayed_pf_result
4,14,1,4,0.986961562397084,0,0,1,replayed_pf_result
4,14,1,5,0.993498886852169,0,0,1,replayed_pf_result
4,14,1,6,0.997492449502451,0,0,1,replayed_pf_result
4,14,1,7,0.984790230813567,0,0,1,replayed_pf_result
4,14,1,8,0.983045733450029,0,0,1,replayed_pf_result
4,14,1,9,1.01248921835266,0,0,1,replayed_pf_result
4,14,1,10,1.01189826227608,0,0,1,replayed_pf_result
4,14,1,11,1.00580816503093,0,0,1,replayed_pf_result
4,14,1,12,0.992439815751322,0,0,1,replayed_pf_result
4,14,1,13,1.00617781823489,0,0,1,replayed_pf_result
4,14,1,14,0.99696183302476,0,0,1,replayed_pf_result
4,14,1,15,0.990672861305489,0,0,1,replayed_pf_result
4,14,1,16,1.00312676303933,0,0,1,replayed_pf_result
4,14,1,17,1.00321378227065,0,0,1,replayed_pf_result
4,14,1,18,1.00150068376685,0,0,1,replayed_pf_result
4,14,1,19,1.03813779655975,0,0,1,replayed_pf_result
4,14,1,20,0.978848557265166,0,0,1,replayed_pf_result
4,14,1,21,0.994327825196849,0,0,1,replayed_pf_result
4,14,1,22,1.00415470237161,0,0,1,replayed_pf_result
4,14,1,23,0.996931468270458,0,0,1,replayed_pf_result
4,14,1,24,1.00593523524653,0,0,1,replayed_pf_result
4,14,1,25,1.01301447106545,0,0,1,replayed_pf_result
4,14,1,26,1.01462286797707,0,0,1,replayed_pf_result
4,14,1,27,1.00247871620992,0,0,1,replayed_pf_result
4,14,1,28,1.01925315501887,0,0,1,replayed_pf_result
4,14,1,29,1.02077797768199,0,0,1,replayed_pf_result
4,14,1,30,1,0,0,1,replayed_pf_result
4,14,1,31,1,0,0,1,replayed_pf_result
4,14,1,32,1,0,0,1,replayed_pf_result
4,14,1,33,1,0,0,1,replayed_pf_result
4,14,1,34,1,0,0,1,replayed_pf_result
4,14,1,35,1,0,0,1,replayed_pf_result
4,14,1,36,1,0,0,1,replayed_pf_result
4,14,1,37,1,0,0,1,replayed_pf_result
4,14,1,38,1,0,0,1,replayed_pf_result
4,14,1,39,1,0,0,1,replayed_pf_result
4,15,1,1,1.00531985608339,0,0,1,replayed_pf_result
4,15,1,2,1.0151030071583,0,0,1,replayed_pf_result
4,15,1,3,1.00280748256704,0,0,1,replayed_pf_result
4,15,1,4,0.986961562397084,0,0,1,replayed_pf_result
4,15,1,5,0.993498886852169,0,0,1,replayed_pf_result
4,15,1,6,0.997492449502451,0,0,1,replayed_pf_result
4,15,1,7,0.984790230813567,0,0,1,replayed_pf_result
4,15,1,8,0.983045733450029,0,0,1,replayed_pf_result
4,15,1,9,1.01248921835266,0,0,1,replayed_pf_result
4,15,1,10,1.01189826227608,0,0,1,replayed_pf_result
4,15,1,11,1.00580816503093,0,0,1,replayed_pf_result
4,15,1,12,0.992439815751322,0,0,1,replayed_pf_result
4,15,1,13,1.00617781823489,0,0,1,replayed_pf_result
4,15,1,14,0.99696183302476,0,0,1,replayed_pf_result
4,15,1,15,0.990672861305489,0,0,1,replayed_pf_result
4,15,1,16,1.00312676303933,0,0,1,replayed_pf_result
4,15,1,17,1.00321378227065,0,0,1,replayed_pf_result
4,15,1,18,1.00150068376685,0,0,1,replayed_pf_result
4,15,1,19,1.03813779655975,0,0,1,replayed_pf_result
4,15,1,20,0.978848557265166,0,0,1,replayed_pf_result
4,15,1,21,0.994327825196849,0,0,1,replayed_pf_result
4,15,1,22,1.00415470237161,0,0,1,replayed_pf_result
4,15,1,23,0.996931468270458,0,0,1,replayed_pf_result
4,15,1,24,1.00593523524653,0,0,1,replayed_pf_result
4,15,1,25,1.01301447106545,0,0,1,replayed_pf_result
4,15,1,26,1.01462286797707,0,0,1,replayed_pf_result
4,15,1,27,1.00247871620992,0,0,1,replayed_pf_result
4,15,1,28,1.01925315501887,0,0,1,replayed_pf_result
4,15,1,29,1.02077797768199,0,0,1,replayed_pf_result
4,15,1,30,1,0,0,1,replayed_pf_result
4,15,1,31,1,0,0,1,replayed_pf_result
4,15,1,32,1,0,0,1,replayed_pf_result
4,15,1,33,1,0,0,1,replayed_pf_result
4,15,1,34,1,0,0,1,replayed_pf_result
4,15,1,35,1,0,0,1,replayed_pf_result
4,15,1,36,1,0,0,1,replayed_pf_result
4,15,1,37,1,0,0,1,replayed_pf_result
4,15,1,38,1,0,0,1,replayed_pf_result
4,15,1,39,1,0,0,1,replayed_pf_result
4,16,1,1,1.00531985608339,0,0,1,replayed_pf_result
4,16,1,2,1.0151030071583,0,0,1,replayed_pf_result
4,16,1,3,1.00280748256704,0,0,1,replayed_pf_result
4,16,1,4,0.986961562397084,0,0,1,replayed_pf_result
4,16,1,5,0.993498886852169,0,0,1,replayed_pf_result
4,16,1,6,0.997492449502451,0,0,1,replayed_pf_result
4,16,1,7,0.984790230813567,0,0,1,replayed_pf_result
4,16,1,8,0.983045733450029,0,0,1,replayed_pf_result
4,16,1,9,1.01248921835266,0,0,1,replayed_pf_result
4,16,1,10,1.01189826227608,0,0,1,replayed_pf_result
4,16,1,11,1.00580816503093,0,0,1,replayed_pf_result
4,16,1,12,0.992439815751322,0,0,1,replayed_pf_result
4,16,1,13,1.00617781823489,0,0,1,replayed_pf_result
4,16,1,14,0.99696183302476,0,0,1,replayed_pf_result
4,16,1,15,0.990672861305489,0,0,1,replayed_pf_result
4,16,1,16,1.00312676303933,0,0,1,replayed_pf_result
4,16,1,17,1.00321378227065,0,0,1,replayed_pf_result
4,16,1,18,1.00150068376685,0,0,1,replayed_pf_result
4,16,1,19,1.03813779655975,0,0,1,replayed_pf_result
4,16,1,20,0.978848557265166,0,0,1,replayed_pf_result
4,16,1,21,0.994327825196849,0,0,1,replayed_pf_result
4,16,1,22,1.00415470237161,0,0,1,replayed_pf_result
4,16,1,23,0.996931468270458,0,0,1,replayed_pf_result
4,16,1,24,1.00593523524653,0,0,1,replayed_pf_result
4,16,1,25,1.01301447106545,0,0,1,replayed_pf_result
4,16,1,26,1.01462286797707,0,0,1,replayed_pf_result
4,16,1,27,1.00247871620992,0,0,1,replayed_pf_result
4,16,1,28,1.01925315501887,0,0,1,replayed_pf_result
4,16,1,29,1.02077797768199,0,0,1,replayed_pf_result
4,16,1,30,1,0,0,1,replayed_pf_result
4,16,1,31,1,0,0,1,replayed_pf_result
4,16,1,32,1,0,0,1,replayed_pf_result
4,16,1,33,1,0,0,1,replayed_pf_result
4,16,1,34,1,0,0,1,replayed_pf_result
4,16,1,35,1,0,0,1,replayed_pf_result
4,16,1,36,1,0,0,1,replayed_pf_result
4,16,1,37,1,0,0,1,replayed_pf_result
4,16,1,38,1,0,0,1,replayed_pf_result
4,16,1,39,1,0,0,1,replayed_pf_result
4,17,1,1,1.00531985608339,0,0,1,replayed_pf_result
4,17,1,2,1.0151030071583,0,0,1,replayed_pf_result
4,17,1,3,1.00280748256704,0,0,1,replayed_pf_result
4,17,1,4,0.986961562397084,0,0,1,replayed_pf_result
4,17,1,5,0.993498886852169,0,0,1,replayed_pf_result
4,17,1,6,0.997492449502451,0,0,1,replayed_pf_result
4,17,1,7,0.984790230813567,0,0,1,replayed_pf_result
4,17,1,8,0.983045733450029,0,0,1,replayed_pf_result
4,17,1,9,1.01248921835266,0,0,1,replayed_pf_result
4,17,1,10,1.01189826227608,0,0,1,replayed_pf_result
4,17,1,11,1.00580816503093,0,0,1,replayed_pf_result
4,17,1,12,0.992439815751322,0,0,1,replayed_pf_result
4,17,1,13,1.00617781823489,0,0,1,replayed_pf_result
4,17,1,14,0.99696183302476,0,0,1,replayed_pf_result
4,17,1,15,0.990672861305489,0,0,1,replayed_pf_result
4,17,1,16,1.00312676303933,0,0,1,replayed_pf_result
4,17,1,17,1.00321378227065,0,0,1,replayed_pf_result
4,17,1,18,1.00150068376685,0,0,1,replayed_pf_result
4,17,1,19,1.03813779655975,0,0,1,replayed_pf_result
4,17,1,20,0.978848557265166,0,0,1,replayed_pf_result
4,17,1,21,0.994327825196849,0,0,1,replayed_pf_result
4,17,1,22,1.00415470237161,0,0,1,replayed_pf_result
4,17,1,23,0.996931468270458,0,0,1,replayed_pf_result
4,17,1,24,1.00593523524653,0,0,1,replayed_pf_result
4,17,1,25,1.01301447106545,0,0,1,replayed_pf_result
4,17,1,26,1.01462286797707,0,0,1,replayed_pf_result
4,17,1,27,1.00247871620992,0,0,1,replayed_pf_result
4,17,1,28,1.01925315501887,0,0,1,replayed_pf_result
4,17,1,29,1.02077797768199,0,0,1,replayed_pf_result
4,17,1,30,1,0,0,1,replayed_pf_result
4,17,1,31,1,0,0,1,replayed_pf_result
4,17,1,32,1,0,0,1,replayed_pf_result
4,17,1,33,1,0,0,1,replayed_pf_result
4,17,1,34,1,0,0,1,replayed_pf_result
4,17,1,35,1,0,0,1,replayed_pf_result
4,17,1,36,1,0,0,1,replayed_pf_result
4,17,1,37,1,0,0,1,replayed_pf_result
4,17,1,38,1,0,0,1,replayed_pf_result
4,17,1,39,1,0,0,1,replayed_pf_result
4,18,1,1,1.00531985608339,0,0,1,replayed_pf_result
4,18,1,2,1.0151030071583,0,0,1,replayed_pf_result
4,18,1,3,1.00280748256704,0,0,1,replayed_pf_result
4,18,1,4,0.986961562397084,0,0,1,replayed_pf_result
4,18,1,5,0.993498886852169,0,0,1,replayed_pf_result
4,18,1,6,0.997492449502451,0,0,1,replayed_pf_result
4,18,1,7,0.984790230813567,0,0,1,replayed_pf_result
4,18,1,8,0.983045733450029,0,0,1,replayed_pf_result
4,18,1,9,1.01248921835266,0,0,1,replayed_pf_result
4,18,1,10,1.01189826227608,0,0,1,replayed_pf_result
4,18,1,11,1.00580816503093,0,0,1,replayed_pf_result
4,18,1,12,0.992439815751322,0,0,1,replayed_pf_result
4,18,1,13,1.00617781823489,0,0,1,replayed_pf_result
4,18,1,14,0.99696183302476,0,0,1,replayed_pf_result
4,18,1,15,0.990672861305489,0,0,1,replayed_pf_result
4,18,1,16,1.00312676303933,0,0,1,replayed_pf_result
4,18,1,17,1.00321378227065,0,0,1,replayed_pf_result
4,18,1,18,1.00150068376685,0,0,1,replayed_pf_result
4,18,1,19,1.03813779655975,0,0,1,replayed_pf_result
4,18,1,20,0.978848557265166,0,0,1,replayed_pf_result
4,18,1,21,0.994327825196849,0,0,1,replayed_pf_result
4,18,1,22,1.00415470237161,0,0,1,replayed_pf_result
4,18,1,23,0.996931468270458,0,0,1,replayed_pf_result
4,18,1,24,1.00593523524653,0,0,1,replayed_pf_result
4,18,1,25,1.01301447106545,0,0,1,replayed_pf_result
4,18,1,26,1.01462286797707,0,0,1,replayed_pf_result
4,18,1,27,1.00247871620992,0,0,1,replayed_pf_result
4,18,1,28,1.01925315501887,0,0,1,replayed_pf_result
4,18,1,29,1.02077797768199,0,0,1,replayed_pf_result
4,18,1,30,1,0,0,1,replayed_pf_result
4,18,1,31,1,0,0,1,replayed_pf_result
4,18,1,32,1,0,0,1,replayed_pf_result
4,18,1,33,1,0,0,1,replayed_pf_result
4,18,1,34,1,0,0,1,replayed_pf_result
4,18,1,35,1,0,0,1,replayed_pf_result
4,18,1,36,1,0,0,1,replayed_pf_result
4,18,1,37,1,0,0,1,replayed_pf_result
4,18,1,38,1,0,0,1,replayed_pf_result
4,18,1,39,1,0,0,1,replayed_pf_result
4,19,1,1,1.00531985608339,0,0,1,replayed_pf_result
4,19,1,2,1.0151030071583,0,0,1,replayed_pf_result
4,19,1,3,1.00280748256704,0,0,1,replayed_pf_result
4,19,1,4,0.986961562397084,0,0,1,replayed_pf_result
4,19,1,5,0.993498886852169,0,0,1,replayed_pf_result
4,19,1,6,0.997492449502451,0,0,1,replayed_pf_result
4,19,1,7,0.984790230813567,0,0,1,replayed_pf_result
4,19,1,8,0.983045733450029,0,0,1,replayed_pf_result
4,19,1,9,1.01248921835266,0,0,1,replayed_pf_result
4,19,1,10,1.01189826227608,0,0,1,replayed_pf_result
4,19,1,11,1.00580816503093,0,0,1,replayed_pf_result
4,19,1,12,0.992439815751322,0,0,1,replayed_pf_result
4,19,1,13,1.00617781823489,0,0,1,replayed_pf_result
4,19,1,14,0.99696183302476,0,0,1,replayed_pf_result
4,19,1,15,0.990672861305489,0,0,1,replayed_pf_result
4,19,1,16,1.00312676303933,0,0,1,replayed_pf_result
4,19,1,17,1.00321378227065,0,0,1,replayed_pf_result
4,19,1,18,1.00150068376685,0,0,1,replayed_pf_result
4,19,1,19,1.03813779655975,0,0,1,replayed_pf_result
4,19,1,20,0.978848557265166,0,0,1,replayed_pf_result
4,19,1,21,0.994327825196849,0,0,1,replayed_pf_result
4,19,1,22,1.00415470237161,0,0,1,replayed_pf_result
4,19,1,23,0.996931468270458,0,0,1,replayed_pf_result
4,19,1,24,1.00593523524653,0,0,1,replayed_pf_result
4,19,1,25,1.01301447106545,0,0,1,replayed_pf_result
4,19,1,26,1.01462286797707,0,0,1,replayed_pf_result
4,19,1,27,1.00247871620992,0,0,1,replayed_pf_result
4,19,1,28,1.01925315501887,0,0,1,replayed_pf_result
4,19,1,29,1.02077797768199,0,0,1,replayed_pf_result
4,19,1,30,1,0,0,1,replayed_pf_result
4,19,1,31,1,0,0,1,replayed_pf_result
4,19,1,32,1,0,0,1,replayed_pf_result
4,19,1,33,1,0,0,1,replayed_pf_result
4,19,1,34,1,0,0,1,replayed_pf_result
4,19,1,35,1,0,0,1,replayed_pf_result
4,19,1,36,1,0,0,1,replayed_pf_result
4,19,1,37,1,0,0,1,replayed_pf_result
4,19,1,38,1,0,0,1,replayed_pf_result
4,19,1,39,1,0,0,1,replayed_pf_result
4,20,1,1,1.00531985608339,0,0,1,replayed_pf_result
4,20,1,2,1.0151030071583,0,0,1,replayed_pf_result
4,20,1,3,1.00280748256704,0,0,1,replayed_pf_result
4,20,1,4,0.986961562397084,0,0,1,replayed_pf_result
4,20,1,5,0.993498886852169,0,0,1,replayed_pf_result
4,20,1,6,0.997492449502451,0,0,1,replayed_pf_result
4,20,1,7,0.984790230813567,0,0,1,replayed_pf_result
4,20,1,8,0.983045733450029,0,0,1,replayed_pf_result
4,20,1,9,1.01248921835266,0,0,1,replayed_pf_result
4,20,1,10,1.01189826227608,0,0,1,replayed_pf_result
4,20,1,11,1.00580816503093,0,0,1,replayed_pf_result
4,20,1,12,0.992439815751322,0,0,1,replayed_pf_result
4,20,1,13,1.00617781823489,0,0,1,replayed_pf_result
4,20,1,14,0.99696183302476,0,0,1,replayed_pf_result
4,20,1,15,0.990672861305489,0,0,1,replayed_pf_result
4,20,1,16,1.00312676303933,0,0,1,replayed_pf_result
4,20,1,17,1.00321378227065,0,0,1,replayed_pf_result
4,20,1,18,1.00150068376685,0,0,1,replayed_pf_result
4,20,1,19,1.03813779655975,0,0,1,replayed_pf_result
4,20,1,20,0.978848557265166,0,0,1,replayed_pf_result
4,20,1,21,0.994327825196849,0,0,1,replayed_pf_result
4,20,1,22,1.00415470237161,0,0,1,replayed_pf_result
4,20,1,23,0.996931468270458,0,0,1,replayed_pf_result
4,20,1,24,1.00593523524653,0,0,1,replayed_pf_result
4,20,1,25,1.01301447106545,0,0,1,replayed_pf_result
4,20,1,26,1.01462286797707,0,0,1,replayed_pf_result
4,20,1,27,1.00247871620992,0,0,1,replayed_pf_result
4,20,1,28,1.01925315501887,0,0,1,replayed_pf_result
4,20,1,29,1.02077797768199,0,0,1,replayed_pf_result
4,20,1,30,1,0,0,1,replayed_pf_result
4,20,1,31,1,0,0,1,replayed_pf_result
4,20,1,32,1,0,0,1,replayed_pf_result
4,20,1,33,1,0,0,1,replayed_pf_result
4,20,1,34,1,0,0,1,replayed_pf_result
4,20,1,35,1,0,0,1,replayed_pf_result
4,20,1,36,1,0,0,1,replayed_pf_result
4,20,1,37,1,0,0,1,replayed_pf_result
4,20,1,38,1,0,0,1,replayed_pf_result
4,20,1,39,1,0,0,1,replayed_pf_result
5,1,1,1,1.00037377179202,0,0,1,replayed_pf_result
5,1,1,2,0.997889115537824,0,0,1,replayed_pf_result
5,1,1,3,0.988475485925566,0,0,1,replayed_pf_result
5,1,1,4,0.968776339373868,0,0,1,replayed_pf_result
5,1,1,5,0.973087066183593,0,0,1,replayed_pf_result
5,1,1,6,0.97707911491245,0,0,1,replayed_pf_result
5,1,1,7,0.964533182856802,0,0,1,replayed_pf_result
5,1,1,8,0.96314083996954,0,0,1,replayed_pf_result
5,1,1,9,1.00265891157387,0,0,1,replayed_pf_result
5,1,1,10,0.99755884179835,0,0,1,replayed_pf_result
5,1,1,11,0.989494245358726,0,0,1,replayed_pf_result
5,1,1,12,0.976348228317017,0,0,1,replayed_pf_result
5,1,1,13,0.991191126130084,0,0,1,replayed_pf_result
5,1,1,14,0.981557098651787,0,0,1,replayed_pf_result
5,1,1,15,0.981646485487699,0,0,1,replayed_pf_result
5,1,1,16,0.997063103326075,0,0,1,replayed_pf_result
5,1,1,17,0.996620394898621,0,0,1,replayed_pf_result
5,1,1,18,0.992084450219059,0,0,1,replayed_pf_result
5,1,1,19,1.0359082824088,0,0,1,replayed_pf_result
5,1,1,20,0.977631306019084,0,0,1,replayed_pf_result
5,1,1,21,0.990051866420717,0,0,1,replayed_pf_result
5,1,1,22,1.00186234259278,0,0,1,replayed_pf_result
5,1,1,23,0.99455720202727,0,0,1,replayed_pf_result
5,1,1,24,1.00040753196202,0,0,1,replayed_pf_result
5,1,1,25,1.01474084826711,0,0,1,replayed_pf_result
5,1,1,26,1.01681546741095,0,0,1,replayed_pf_result
5,1,1,27,1.00165339074166,0,0,1,replayed_pf_result
5,1,1,28,1.02038408064739,0,0,1,replayed_pf_result
5,1,1,29,1.02155297970613,0,0,1,replayed_pf_result
5,1,1,30,1.0499,0,0,1,replayed_pf_result
5,1,1,31,1,0,0,1,replayed_pf_result
5,1,1,32,1,0,0,1,replayed_pf_result
5,1,1,33,1,0,0,1,replayed_pf_result
5,1,1,34,1,0,0,1,replayed_pf_result
5,1,1,35,1,0,0,1,replayed_pf_result
5,1,1,36,1,0,0,1,replayed_pf_result
5,1,1,37,1,0,0,1,replayed_pf_result
5,1,1,38,1,0,0,1,replayed_pf_result
5,1,1,39,1,0,0,1,replayed_pf_result
5,2,1,1,1.00037377179202,0,0,1,replayed_pf_result
5,2,1,2,0.997889115537824,0,0,1,replayed_pf_result
5,2,1,3,0.988475485925566,0,0,1,replayed_pf_result
5,2,1,4,0.968776339373868,0,0,1,replayed_pf_result
5,2,1,5,0.973087066183593,0,0,1,replayed_pf_result
5,2,1,6,0.97707911491245,0,0,1,replayed_pf_result
5,2,1,7,0.964533182856802,0,0,1,replayed_pf_result
5,2,1,8,0.96314083996954,0,0,1,replayed_pf_result
5,2,1,9,1.00265891157387,0,0,1,replayed_pf_result
5,2,1,10,0.99755884179835,0,0,1,replayed_pf_result
5,2,1,11,0.989494245358726,0,0,1,replayed_pf_result
5,2,1,12,0.976348228317017,0,0,1,replayed_pf_result
5,2,1,13,0.991191126130084,0,0,1,replayed_pf_result
5,2,1,14,0.981557098651787,0,0,1,replayed_pf_result
5,2,1,15,0.981646485487699,0,0,1,replayed_pf_result
5,2,1,16,0.997063103326075,0,0,1,replayed_pf_result
5,2,1,17,0.996620394898621,0,0,1,replayed_pf_result
5,2,1,18,0.992084450219059,0,0,1,replayed_pf_result
5,2,1,19,1.0359082824088,0,0,1,replayed_pf_result
5,2,1,20,0.977631306019084,0,0,1,replayed_pf_result
5,2,1,21,0.990051866420717,0,0,1,replayed_pf_result
5,2,1,22,1.00186234259278,0,0,1,replayed_pf_result
5,2,1,23,0.99455720202727,0,0,1,replayed_pf_result
5,2,1,24,1.00040753196202,0,0,1,replayed_pf_result
5,2,1,25,1.01474084826711,0,0,1,replayed_pf_result
5,2,1,26,1.01681546741095,0,0,1,replayed_pf_result
5,2,1,27,1.00165339074166,0,0,1,replayed_pf_result
5,2,1,28,1.02038408064739,0,0,1,replayed_pf_result
5,2,1,29,1.02155297970613,0,0,1,replayed_pf_result
5,2,1,30,1.0499,0,0,1,replayed_pf_result
5,2,1,31,1,0,0,1,replayed_pf_result
5,2,1,32,1,0,0,1,replayed_pf_result
5,2,1,33,1,0,0,1,replayed_pf_result
5,2,1,34,1,0,0,1,replayed_pf_result
5,2,1,35,1,0,0,1,replayed_pf_result
5,2,1,36,1,0,0,1,replayed_pf_result
5,2,1,37,1,0,0,1,replayed_pf_result
5,2,1,38,1,0,0,1,replayed_pf_result
5,2,1,39,1,0,0,1,replayed_pf_result
5,3,1,1,1.00037377179202,0,0,1,replayed_pf_result
5,3,1,2,0.997889115537824,0,0,1,replayed_pf_result
5,3,1,3,0.988475485925566,0,0,1,replayed_pf_result
5,3,1,4,0.968776339373868,0,0,1,replayed_pf_result
5,3,1,5,0.973087066183593,0,0,1,replayed_pf_result
5,3,1,6,0.97707911491245,0,0,1,replayed_pf_result
5,3,1,7,0.964533182856802,0,0,1,replayed_pf_result
5,3,1,8,0.96314083996954,0,0,1,replayed_pf_result
5,3,1,9,1.00265891157387,0,0,1,replayed_pf_result
5,3,1,10,0.99755884179835,0,0,1,replayed_pf_result
5,3,1,11,0.989494245358726,0,0,1,replayed_pf_result
5,3,1,12,0.976348228317017,0,0,1,replayed_pf_result
5,3,1,13,0.991191126130084,0,0,1,replayed_pf_result
5,3,1,14,0.981557098651787,0,0,1,replayed_pf_result
5,3,1,15,0.981646485487699,0,0,1,replayed_pf_result
5,3,1,16,0.997063103326075,0,0,1,replayed_pf_result
5,3,1,17,0.996620394898621,0,0,1,replayed_pf_result
5,3,1,18,0.992084450219059,0,0,1,replayed_pf_result
5,3,1,19,1.0359082824088,0,0,1,replayed_pf_result
5,3,1,20,0.977631306019084,0,0,1,replayed_pf_result
5,3,1,21,0.990051866420717,0,0,1,replayed_pf_result
5,3,1,22,1.00186234259278,0,0,1,replayed_pf_result
5,3,1,23,0.99455720202727,0,0,1,replayed_pf_result
5,3,1,24,1.00040753196202,0,0,1,replayed_pf_result
5,3,1,25,1.01474084826711,0,0,1,replayed_pf_result
5,3,1,26,1.01681546741095,0,0,1,replayed_pf_result
5,3,1,27,1.00165339074166,0,0,1,replayed_pf_result
5,3,1,28,1.02038408064739,0,0,1,replayed_pf_result
5,3,1,29,1.02155297970613,0,0,1,replayed_pf_result
5,3,1,30,1.0499,0,0,1,replayed_pf_result
5,3,1,31,1,0,0,1,replayed_pf_result
5,3,1,32,1,0,0,1,replayed_pf_result
5,3,1,33,1,0,0,1,replayed_pf_result
5,3,1,34,1,0,0,1,replayed_pf_result
5,3,1,35,1,0,0,1,replayed_pf_result
5,3,1,36,1,0,0,1,replayed_pf_result
5,3,1,37,1,0,0,1,replayed_pf_result
5,3,1,38,1,0,0,1,replayed_pf_result
5,3,1,39,1,0,0,1,replayed_pf_result
5,4,1,1,1.00037377179202,0,0,1,replayed_pf_result
5,4,1,2,0.997889115537824,0,0,1,replayed_pf_result
5,4,1,3,0.988475485925566,0,0,1,replayed_pf_result
5,4,1,4,0.968776339373868,0,0,1,replayed_pf_result
5,4,1,5,0.973087066183593,0,0,1,replayed_pf_result
5,4,1,6,0.97707911491245,0,0,1,replayed_pf_result
5,4,1,7,0.964533182856802,0,0,1,replayed_pf_result
5,4,1,8,0.96314083996954,0,0,1,replayed_pf_result
5,4,1,9,1.00265891157387,0,0,1,replayed_pf_result
5,4,1,10,0.99755884179835,0,0,1,replayed_pf_result
5,4,1,11,0.989494245358726,0,0,1,replayed_pf_result
5,4,1,12,0.976348228317017,0,0,1,replayed_pf_result
5,4,1,13,0.991191126130084,0,0,1,replayed_pf_result
5,4,1,14,0.981557098651787,0,0,1,replayed_pf_result
5,4,1,15,0.981646485487699,0,0,1,replayed_pf_result
5,4,1,16,0.997063103326075,0,0,1,replayed_pf_result
5,4,1,17,0.996620394898621,0,0,1,replayed_pf_result
5,4,1,18,0.992084450219059,0,0,1,replayed_pf_result
5,4,1,19,1.0359082824088,0,0,1,replayed_pf_result
5,4,1,20,0.977631306019084,0,0,1,replayed_pf_result
5,4,1,21,0.990051866420717,0,0,1,replayed_pf_result
5,4,1,22,1.00186234259278,0,0,1,replayed_pf_result
5,4,1,23,0.99455720202727,0,0,1,replayed_pf_result
5,4,1,24,1.00040753196202,0,0,1,replayed_pf_result
5,4,1,25,1.01474084826711,0,0,1,replayed_pf_result
5,4,1,26,1.01681546741095,0,0,1,replayed_pf_result
5,4,1,27,1.00165339074166,0,0,1,replayed_pf_result
5,4,1,28,1.02038408064739,0,0,1,replayed_pf_result
5,4,1,29,1.02155297970613,0,0,1,replayed_pf_result
5,4,1,30,1.0499,0,0,1,replayed_pf_result
5,4,1,31,1,0,0,1,replayed_pf_result
5,4,1,32,1,0,0,1,replayed_pf_result
5,4,1,33,1,0,0,1,replayed_pf_result
5,4,1,34,1,0,0,1,replayed_pf_result
5,4,1,35,1,0,0,1,replayed_pf_result
5,4,1,36,1,0,0,1,replayed_pf_result
5,4,1,37,1,0,0,1,replayed_pf_result
5,4,1,38,1,0,0,1,replayed_pf_result
5,4,1,39,1,0,0,1,replayed_pf_result
5,5,1,1,1.00037377179202,0,0,1,replayed_pf_result
5,5,1,2,0.997889115537824,0,0,1,replayed_pf_result
5,5,1,3,0.988475485925566,0,0,1,replayed_pf_result
5,5,1,4,0.968776339373868,0,0,1,replayed_pf_result
5,5,1,5,0.973087066183593,0,0,1,replayed_pf_result
5,5,1,6,0.97707911491245,0,0,1,replayed_pf_result
5,5,1,7,0.964533182856802,0,0,1,replayed_pf_result
5,5,1,8,0.96314083996954,0,0,1,replayed_pf_result
5,5,1,9,1.00265891157387,0,0,1,replayed_pf_result
5,5,1,10,0.99755884179835,0,0,1,replayed_pf_result
5,5,1,11,0.989494245358726,0,0,1,replayed_pf_result
5,5,1,12,0.976348228317017,0,0,1,replayed_pf_result
5,5,1,13,0.991191126130084,0,0,1,replayed_pf_result
5,5,1,14,0.981557098651787,0,0,1,replayed_pf_result
5,5,1,15,0.981646485487699,0,0,1,replayed_pf_result
5,5,1,16,0.997063103326075,0,0,1,replayed_pf_result
5,5,1,17,0.996620394898621,0,0,1,replayed_pf_result
5,5,1,18,0.992084450219059,0,0,1,replayed_pf_result
5,5,1,19,1.0359082824088,0,0,1,replayed_pf_result
5,5,1,20,0.977631306019084,0,0,1,replayed_pf_result
5,5,1,21,0.990051866420717,0,0,1,replayed_pf_result
5,5,1,22,1.00186234259278,0,0,1,replayed_pf_result
5,5,1,23,0.99455720202727,0,0,1,replayed_pf_result
5,5,1,24,1.00040753196202,0,0,1,replayed_pf_result
5,5,1,25,1.01474084826711,0,0,1,replayed_pf_result
5,5,1,26,1.01681546741095,0,0,1,replayed_pf_result
5,5,1,27,1.00165339074166,0,0,1,replayed_pf_result
5,5,1,28,1.02038408064739,0,0,1,replayed_pf_result
5,5,1,29,1.02155297970613,0,0,1,replayed_pf_result
5,5,1,30,1.0499,0,0,1,replayed_pf_result
5,5,1,31,1,0,0,1,replayed_pf_result
5,5,1,32,1,0,0,1,replayed_pf_result
5,5,1,33,1,0,0,1,replayed_pf_result
5,5,1,34,1,0,0,1,replayed_pf_result
5,5,1,35,1,0,0,1,replayed_pf_result
5,5,1,36,1,0,0,1,replayed_pf_result
5,5,1,37,1,0,0,1,replayed_pf_result
5,5,1,38,1,0,0,1,replayed_pf_result
5,5,1,39,1,0,0,1,replayed_pf_result
5,6,1,1,1.00037377179202,0,0,1,replayed_pf_result
5,6,1,2,0.997889115537824,0,0,1,replayed_pf_result
5,6,1,3,0.988475485925566,0,0,1,replayed_pf_result
5,6,1,4,0.968776339373868,0,0,1,replayed_pf_result
5,6,1,5,0.973087066183593,0,0,1,replayed_pf_result
5,6,1,6,0.97707911491245,0,0,1,replayed_pf_result
5,6,1,7,0.964533182856802,0,0,1,replayed_pf_result
5,6,1,8,0.96314083996954,0,0,1,replayed_pf_result
5,6,1,9,1.00265891157387,0,0,1,replayed_pf_result
5,6,1,10,0.99755884179835,0,0,1,replayed_pf_result
5,6,1,11,0.989494245358726,0,0,1,replayed_pf_result
5,6,1,12,0.976348228317017,0,0,1,replayed_pf_result
5,6,1,13,0.991191126130084,0,0,1,replayed_pf_result
5,6,1,14,0.981557098651787,0,0,1,replayed_pf_result
5,6,1,15,0.981646485487699,0,0,1,replayed_pf_result
5,6,1,16,0.997063103326075,0,0,1,replayed_pf_result
5,6,1,17,0.996620394898621,0,0,1,replayed_pf_result
5,6,1,18,0.992084450219059,0,0,1,replayed_pf_result
5,6,1,19,1.0359082824088,0,0,1,replayed_pf_result
5,6,1,20,0.977631306019084,0,0,1,replayed_pf_result
5,6,1,21,0.990051866420717,0,0,1,replayed_pf_result
5,6,1,22,1.00186234259278,0,0,1,replayed_pf_result
5,6,1,23,0.99455720202727,0,0,1,replayed_pf_result
5,6,1,24,1.00040753196202,0,0,1,replayed_pf_result
5,6,1,25,1.01474084826711,0,0,1,replayed_pf_result
5,6,1,26,1.01681546741095,0,0,1,replayed_pf_result
5,6,1,27,1.00165339074166,0,0,1,replayed_pf_result
5,6,1,28,1.02038408064739,0,0,1,replayed_pf_result
5,6,1,29,1.02155297970613,0,0,1,replayed_pf_result
5,6,1,30,1.0499,0,0,1,replayed_pf_result
5,6,1,31,1,0,0,1,replayed_pf_result
5,6,1,32,1,0,0,1,replayed_pf_result
5,6,1,33,1,0,0,1,replayed_pf_result
5,6,1,34,1,0,0,1,replayed_pf_result
5,6,1,35,1,0,0,1,replayed_pf_result
5,6,1,36,1,0,0,1,replayed_pf_result
5,6,1,37,1,0,0,1,replayed_pf_result
5,6,1,38,1,0,0,1,replayed_pf_result
5,6,1,39,1,0,0,1,replayed_pf_result
5,7,1,1,1.00037377179202,0,0,1,replayed_pf_result
5,7,1,2,0.997889115537824,0,0,1,replayed_pf_result
5,7,1,3,0.988475485925566,0,0,1,replayed_pf_result
5,7,1,4,0.968776339373868,0,0,1,replayed_pf_result
5,7,1,5,0.973087066183593,0,0,1,replayed_pf_result
5,7,1,6,0.97707911491245,0,0,1,replayed_pf_result
5,7,1,7,0.964533182856802,0,0,1,replayed_pf_result
5,7,1,8,0.96314083996954,0,0,1,replayed_pf_result
5,7,1,9,1.00265891157387,0,0,1,replayed_pf_result
5,7,1,10,0.99755884179835,0,0,1,replayed_pf_result
5,7,1,11,0.989494245358726,0,0,1,replayed_pf_result
5,7,1,12,0.976348228317017,0,0,1,replayed_pf_result
5,7,1,13,0.991191126130084,0,0,1,replayed_pf_result
5,7,1,14,0.981557098651787,0,0,1,replayed_pf_result
5,7,1,15,0.981646485487699,0,0,1,replayed_pf_result
5,7,1,16,0.997063103326075,0,0,1,replayed_pf_result
5,7,1,17,0.996620394898621,0,0,1,replayed_pf_result
5,7,1,18,0.992084450219059,0,0,1,replayed_pf_result
5,7,1,19,1.0359082824088,0,0,1,replayed_pf_result
5,7,1,20,0.977631306019084,0,0,1,replayed_pf_result
5,7,1,21,0.990051866420717,0,0,1,replayed_pf_result
5,7,1,22,1.00186234259278,0,0,1,replayed_pf_result
5,7,1,23,0.99455720202727,0,0,1,replayed_pf_result
5,7,1,24,1.00040753196202,0,0,1,replayed_pf_result
5,7,1,25,1.01474084826711,0,0,1,replayed_pf_result
5,7,1,26,1.01681546741095,0,0,1,replayed_pf_result
5,7,1,27,1.00165339074166,0,0,1,replayed_pf_result
5,7,1,28,1.02038408064739,0,0,1,replayed_pf_result
5,7,1,29,1.02155297970613,0,0,1,replayed_pf_result
5,7,1,30,1.0499,0,0,1,replayed_pf_result
5,7,1,31,1,0,0,1,replayed_pf_result
5,7,1,32,1,0,0,1,replayed_pf_result
5,7,1,33,1,0,0,1,replayed_pf_result
5,7,1,34,1,0,0,1,replayed_pf_result
5,7,1,35,1,0,0,1,replayed_pf_result
5,7,1,36,1,0,0,1,replayed_pf_result
5,7,1,37,1,0,0,1,replayed_pf_result
5,7,1,38,1,0,0,1,replayed_pf_result
5,7,1,39,1,0,0,1,replayed_pf_result
5,8,1,1,1.00037377179202,0,0,1,replayed_pf_result
5,8,1,2,0.997889115537824,0,0,1,replayed_pf_result
5,8,1,3,0.988475485925566,0,0,1,replayed_pf_result
5,8,1,4,0.968776339373868,0,0,1,replayed_pf_result
5,8,1,5,0.973087066183593,0,0,1,replayed_pf_result
5,8,1,6,0.97707911491245,0,0,1,replayed_pf_result
5,8,1,7,0.964533182856802,0,0,1,replayed_pf_result
5,8,1,8,0.96314083996954,0,0,1,replayed_pf_result
5,8,1,9,1.00265891157387,0,0,1,replayed_pf_result
5,8,1,10,0.99755884179835,0,0,1,replayed_pf_result
5,8,1,11,0.989494245358726,0,0,1,replayed_pf_result
5,8,1,12,0.976348228317017,0,0,1,replayed_pf_result
5,8,1,13,0.991191126130084,0,0,1,replayed_pf_result
5,8,1,14,0.981557098651787,0,0,1,replayed_pf_result
5,8,1,15,0.981646485487699,0,0,1,replayed_pf_result
5,8,1,16,0.997063103326075,0,0,1,replayed_pf_result
5,8,1,17,0.996620394898621,0,0,1,replayed_pf_result
5,8,1,18,0.992084450219059,0,0,1,replayed_pf_result
5,8,1,19,1.0359082824088,0,0,1,replayed_pf_result
5,8,1,20,0.977631306019084,0,0,1,replayed_pf_result
5,8,1,21,0.990051866420717,0,0,1,replayed_pf_result
5,8,1,22,1.00186234259278,0,0,1,replayed_pf_result
5,8,1,23,0.99455720202727,0,0,1,replayed_pf_result
5,8,1,24,1.00040753196202,0,0,1,replayed_pf_result
5,8,1,25,1.01474084826711,0,0,1,replayed_pf_result
5,8,1,26,1.01681546741095,0,0,1,replayed_pf_result
5,8,1,27,1.00165339074166,0,0,1,replayed_pf_result
5,8,1,28,1.02038408064739,0,0,1,replayed_pf_result
5,8,1,29,1.02155297970613,0,0,1,replayed_pf_result
5,8,1,30,1.0499,0,0,1,replayed_pf_result
5,8,1,31,1,0,0,1,replayed_pf_result
5,8,1,32,1,0,0,1,replayed_pf_result
5,8,1,33,1,0,0,1,replayed_pf_result
5,8,1,34,1,0,0,1,replayed_pf_result
5,8,1,35,1,0,0,1,replayed_pf_result
5,8,1,36,1,0,0,1,replayed_pf_result
5,8,1,37,1,0,0,1,replayed_pf_result
5,8,1,38,1,0,0,1,replayed_pf_result
5,8,1,39,1,0,0,1,replayed_pf_result
5,9,1,1,1.00037377179202,0,0,1,replayed_pf_result
5,9,1,2,0.997889115537824,0,0,1,replayed_pf_result
5,9,1,3,0.988475485925566,0,0,1,replayed_pf_result
5,9,1,4,0.968776339373868,0,0,1,replayed_pf_result
5,9,1,5,0.973087066183593,0,0,1,replayed_pf_result
5,9,1,6,0.97707911491245,0,0,1,replayed_pf_result
5,9,1,7,0.964533182856802,0,0,1,replayed_pf_result
5,9,1,8,0.96314083996954,0,0,1,replayed_pf_result
5,9,1,9,1.00265891157387,0,0,1,replayed_pf_result
5,9,1,10,0.99755884179835,0,0,1,replayed_pf_result
5,9,1,11,0.989494245358726,0,0,1,replayed_pf_result
5,9,1,12,0.976348228317017,0,0,1,replayed_pf_result
5,9,1,13,0.991191126130084,0,0,1,replayed_pf_result
5,9,1,14,0.981557098651787,0,0,1,replayed_pf_result
5,9,1,15,0.981646485487699,0,0,1,replayed_pf_result
5,9,1,16,0.997063103326075,0,0,1,replayed_pf_result
5,9,1,17,0.996620394898621,0,0,1,replayed_pf_result
5,9,1,18,0.992084450219059,0,0,1,replayed_pf_result
5,9,1,19,1.0359082824088,0,0,1,replayed_pf_result
5,9,1,20,0.977631306019084,0,0,1,replayed_pf_result
5,9,1,21,0.990051866420717,0,0,1,replayed_pf_result
5,9,1,22,1.00186234259278,0,0,1,replayed_pf_result
5,9,1,23,0.99455720202727,0,0,1,replayed_pf_result
5,9,1,24,1.00040753196202,0,0,1,replayed_pf_result
5,9,1,25,1.01474084826711,0,0,1,replayed_pf_result
5,9,1,26,1.01681546741095,0,0,1,replayed_pf_result
5,9,1,27,1.00165339074166,0,0,1,replayed_pf_result
5,9,1,28,1.02038408064739,0,0,1,replayed_pf_result
5,9,1,29,1.02155297970613,0,0,1,replayed_pf_result
5,9,1,30,1.0499,0,0,1,replayed_pf_result
5,9,1,31,1,0,0,1,replayed_pf_result
5,9,1,32,1,0,0,1,replayed_pf_result
5,9,1,33,1,0,0,1,replayed_pf_result
5,9,1,34,1,0,0,1,replayed_pf_result
5,9,1,35,1,0,0,1,replayed_pf_result
5,9,1,36,1,0,0,1,replayed_pf_result
5,9,1,37,1,0,0,1,replayed_pf_result
5,9,1,38,1,0,0,1,replayed_pf_result
5,9,1,39,1,0,0,1,replayed_pf_result
5,10,1,1,1.00037377179202,0,0,1,replayed_pf_result
5,10,1,2,0.997889115537824,0,0,1,replayed_pf_result
5,10,1,3,0.988475485925566,0,0,1,replayed_pf_result
5,10,1,4,0.968776339373868,0,0,1,replayed_pf_result
5,10,1,5,0.973087066183593,0,0,1,replayed_pf_result
5,10,1,6,0.97707911491245,0,0,1,replayed_pf_result
5,10,1,7,0.964533182856802,0,0,1,replayed_pf_result
5,10,1,8,0.96314083996954,0,0,1,replayed_pf_result
5,10,1,9,1.00265891157387,0,0,1,replayed_pf_result
5,10,1,10,0.99755884179835,0,0,1,replayed_pf_result
5,10,1,11,0.989494245358726,0,0,1,replayed_pf_result
5,10,1,12,0.976348228317017,0,0,1,replayed_pf_result
5,10,1,13,0.991191126130084,0,0,1,replayed_pf_result
5,10,1,14,0.981557098651787,0,0,1,replayed_pf_result
5,10,1,15,0.981646485487699,0,0,1,replayed_pf_result
5,10,1,16,0.997063103326075,0,0,1,replayed_pf_result
5,10,1,17,0.996620394898621,0,0,1,replayed_pf_result
5,10,1,18,0.992084450219059,0,0,1,replayed_pf_result
5,10,1,19,1.0359082824088,0,0,1,replayed_pf_result
5,10,1,20,0.977631306019084,0,0,1,replayed_pf_result
5,10,1,21,0.990051866420717,0,0,1,replayed_pf_result
5,10,1,22,1.00186234259278,0,0,1,replayed_pf_result
5,10,1,23,0.99455720202727,0,0,1,replayed_pf_result
5,10,1,24,1.00040753196202,0,0,1,replayed_pf_result
5,10,1,25,1.01474084826711,0,0,1,replayed_pf_result
5,10,1,26,1.01681546741095,0,0,1,replayed_pf_result
5,10,1,27,1.00165339074166,0,0,1,replayed_pf_result
5,10,1,28,1.02038408064739,0,0,1,replayed_pf_result
5,10,1,29,1.02155297970613,0,0,1,replayed_pf_result
5,10,1,30,1.0499,0,0,1,replayed_pf_result
5,10,1,31,1,0,0,1,replayed_pf_result
5,10,1,32,1,0,0,1,replayed_pf_result
5,10,1,33,1,0,0,1,replayed_pf_result
5,10,1,34,1,0,0,1,replayed_pf_result
5,10,1,35,1,0,0,1,replayed_pf_result
5,10,1,36,1,0,0,1,replayed_pf_result
5,10,1,37,1,0,0,1,replayed_pf_result
5,10,1,38,1,0,0,1,replayed_pf_result
5,10,1,39,1,0,0,1,replayed_pf_result
5,11,1,1,1.00037377179202,0,0,1,replayed_pf_result
5,11,1,2,0.997889115537824,0,0,1,replayed_pf_result
5,11,1,3,0.988475485925566,0,0,1,replayed_pf_result
5,11,1,4,0.968776339373868,0,0,1,replayed_pf_result
5,11,1,5,0.973087066183593,0,0,1,replayed_pf_result
5,11,1,6,0.97707911491245,0,0,1,replayed_pf_result
5,11,1,7,0.964533182856802,0,0,1,replayed_pf_result
5,11,1,8,0.96314083996954,0,0,1,replayed_pf_result
5,11,1,9,1.00265891157387,0,0,1,replayed_pf_result
5,11,1,10,0.99755884179835,0,0,1,replayed_pf_result
5,11,1,11,0.989494245358726,0,0,1,replayed_pf_result
5,11,1,12,0.976348228317017,0,0,1,replayed_pf_result
5,11,1,13,0.991191126130084,0,0,1,replayed_pf_result
5,11,1,14,0.981557098651787,0,0,1,replayed_pf_result
5,11,1,15,0.981646485487699,0,0,1,replayed_pf_result
5,11,1,16,0.997063103326075,0,0,1,replayed_pf_result
5,11,1,17,0.996620394898621,0,0,1,replayed_pf_result
5,11,1,18,0.992084450219059,0,0,1,replayed_pf_result
5,11,1,19,1.0359082824088,0,0,1,replayed_pf_result
5,11,1,20,0.977631306019084,0,0,1,replayed_pf_result
5,11,1,21,0.990051866420717,0,0,1,replayed_pf_result
5,11,1,22,1.00186234259278,0,0,1,replayed_pf_result
5,11,1,23,0.99455720202727,0,0,1,replayed_pf_result
5,11,1,24,1.00040753196202,0,0,1,replayed_pf_result
5,11,1,25,1.01474084826711,0,0,1,replayed_pf_result
5,11,1,26,1.01681546741095,0,0,1,replayed_pf_result
5,11,1,27,1.00165339074166,0,0,1,replayed_pf_result
5,11,1,28,1.02038408064739,0,0,1,replayed_pf_result
5,11,1,29,1.02155297970613,0,0,1,replayed_pf_result
5,11,1,30,1.0499,0,0,1,replayed_pf_result
5,11,1,31,1,0,0,1,replayed_pf_result
5,11,1,32,1,0,0,1,replayed_pf_result
5,11,1,33,1,0,0,1,replayed_pf_result
5,11,1,34,1,0,0,1,replayed_pf_result
5,11,1,35,1,0,0,1,replayed_pf_result
5,11,1,36,1,0,0,1,replayed_pf_result
5,11,1,37,1,0,0,1,replayed_pf_result
5,11,1,38,1,0,0,1,replayed_pf_result
5,11,1,39,1,0,0,1,replayed_pf_result
5,12,1,1,1.00037377179202,0,0,1,replayed_pf_result
5,12,1,2,0.997889115537824,0,0,1,replayed_pf_result
5,12,1,3,0.988475485925566,0,0,1,replayed_pf_result
5,12,1,4,0.968776339373868,0,0,1,replayed_pf_result
5,12,1,5,0.973087066183593,0,0,1,replayed_pf_result
5,12,1,6,0.97707911491245,0,0,1,replayed_pf_result
5,12,1,7,0.964533182856802,0,0,1,replayed_pf_result
5,12,1,8,0.96314083996954,0,0,1,replayed_pf_result
5,12,1,9,1.00265891157387,0,0,1,replayed_pf_result
5,12,1,10,0.99755884179835,0,0,1,replayed_pf_result
5,12,1,11,0.989494245358726,0,0,1,replayed_pf_result
5,12,1,12,0.976348228317017,0,0,1,replayed_pf_result
5,12,1,13,0.991191126130084,0,0,1,replayed_pf_result
5,12,1,14,0.981557098651787,0,0,1,replayed_pf_result
5,12,1,15,0.981646485487699,0,0,1,replayed_pf_result
5,12,1,16,0.997063103326075,0,0,1,replayed_pf_result
5,12,1,17,0.996620394898621,0,0,1,replayed_pf_result
5,12,1,18,0.992084450219059,0,0,1,replayed_pf_result
5,12,1,19,1.0359082824088,0,0,1,replayed_pf_result
5,12,1,20,0.977631306019084,0,0,1,replayed_pf_result
5,12,1,21,0.990051866420717,0,0,1,replayed_pf_result
5,12,1,22,1.00186234259278,0,0,1,replayed_pf_result
5,12,1,23,0.99455720202727,0,0,1,replayed_pf_result
5,12,1,24,1.00040753196202,0,0,1,replayed_pf_result
5,12,1,25,1.01474084826711,0,0,1,replayed_pf_result
5,12,1,26,1.01681546741095,0,0,1,replayed_pf_result
5,12,1,27,1.00165339074166,0,0,1,replayed_pf_result
5,12,1,28,1.02038408064739,0,0,1,replayed_pf_result
5,12,1,29,1.02155297970613,0,0,1,replayed_pf_result
5,12,1,30,1.0499,0,0,1,replayed_pf_result
5,12,1,31,1,0,0,1,replayed_pf_result
5,12,1,32,1,0,0,1,replayed_pf_result
5,12,1,33,1,0,0,1,replayed_pf_result
5,12,1,34,1,0,0,1,replayed_pf_result
5,12,1,35,1,0,0,1,replayed_pf_result
5,12,1,36,1,0,0,1,replayed_pf_result
5,12,1,37,1,0,0,1,replayed_pf_result
5,12,1,38,1,0,0,1,replayed_pf_result
5,12,1,39,1,0,0,1,replayed_pf_result
5,13,1,1,1.00037377179202,0,0,1,replayed_pf_result
5,13,1,2,0.997889115537824,0,0,1,replayed_pf_result
5,13,1,3,0.988475485925566,0,0,1,replayed_pf_result
5,13,1,4,0.968776339373868,0,0,1,replayed_pf_result
5,13,1,5,0.973087066183593,0,0,1,replayed_pf_result
5,13,1,6,0.97707911491245,0,0,1,replayed_pf_result
5,13,1,7,0.964533182856802,0,0,1,replayed_pf_result
5,13,1,8,0.96314083996954,0,0,1,replayed_pf_result
5,13,1,9,1.00265891157387,0,0,1,replayed_pf_result
5,13,1,10,0.99755884179835,0,0,1,replayed_pf_result
5,13,1,11,0.989494245358726,0,0,1,replayed_pf_result
5,13,1,12,0.976348228317017,0,0,1,replayed_pf_result
5,13,1,13,0.991191126130084,0,0,1,replayed_pf_result
5,13,1,14,0.981557098651787,0,0,1,replayed_pf_result
5,13,1,15,0.981646485487699,0,0,1,replayed_pf_result
5,13,1,16,0.997063103326075,0,0,1,replayed_pf_result
5,13,1,17,0.996620394898621,0,0,1,replayed_pf_result
5,13,1,18,0.992084450219059,0,0,1,replayed_pf_result
5,13,1,19,1.0359082824088,0,0,1,replayed_pf_result
5,13,1,20,0.977631306019084,0,0,1,replayed_pf_result
5,13,1,21,0.990051866420717,0,0,1,replayed_pf_result
5,13,1,22,1.00186234259278,0,0,1,replayed_pf_result
5,13,1,23,0.99455720202727,0,0,1,replayed_pf_result
5,13,1,24,1.00040753196202,0,0,1,replayed_pf_result
5,13,1,25,1.01474084826711,0,0,1,replayed_pf_result
5,13,1,26,1.01681546741095,0,0,1,replayed_pf_result
5,13,1,27,1.00165339074166,0,0,1,replayed_pf_result
5,13,1,28,1.02038408064739,0,0,1,replayed_pf_result
5,13,1,29,1.02155297970613,0,0,1,replayed_pf_result
5,13,1,30,1.0499,0,0,1,replayed_pf_result
5,13,1,31,1,0,0,1,replayed_pf_result
5,13,1,32,1,0,0,1,replayed_pf_result
5,13,1,33,1,0,0,1,replayed_pf_result
5,13,1,34,1,0,0,1,replayed_pf_result
5,13,1,35,1,0,0,1,replayed_pf_result
5,13,1,36,1,0,0,1,replayed_pf_result
5,13,1,37,1,0,0,1,replayed_pf_result
5,13,1,38,1,0,0,1,replayed_pf_result
5,13,1,39,1,0,0,1,replayed_pf_result
5,14,1,1,1.00037377179202,0,0,1,replayed_pf_result
5,14,1,2,0.997889115537824,0,0,1,replayed_pf_result
5,14,1,3,0.988475485925566,0,0,1,replayed_pf_result
5,14,1,4,0.968776339373868,0,0,1,replayed_pf_result
5,14,1,5,0.973087066183593,0,0,1,replayed_pf_result
5,14,1,6,0.97707911491245,0,0,1,replayed_pf_result
5,14,1,7,0.964533182856802,0,0,1,replayed_pf_result
5,14,1,8,0.96314083996954,0,0,1,replayed_pf_result
5,14,1,9,1.00265891157387,0,0,1,replayed_pf_result
5,14,1,10,0.99755884179835,0,0,1,replayed_pf_result
5,14,1,11,0.989494245358726,0,0,1,replayed_pf_result
5,14,1,12,0.976348228317017,0,0,1,replayed_pf_result
5,14,1,13,0.991191126130084,0,0,1,replayed_pf_result
5,14,1,14,0.981557098651787,0,0,1,replayed_pf_result
5,14,1,15,0.981646485487699,0,0,1,replayed_pf_result
5,14,1,16,0.997063103326075,0,0,1,replayed_pf_result
5,14,1,17,0.996620394898621,0,0,1,replayed_pf_result
5,14,1,18,0.992084450219059,0,0,1,replayed_pf_result
5,14,1,19,1.0359082824088,0,0,1,replayed_pf_result
5,14,1,20,0.977631306019084,0,0,1,replayed_pf_result
5,14,1,21,0.990051866420717,0,0,1,replayed_pf_result
5,14,1,22,1.00186234259278,0,0,1,replayed_pf_result
5,14,1,23,0.99455720202727,0,0,1,replayed_pf_result
5,14,1,24,1.00040753196202,0,0,1,replayed_pf_result
5,14,1,25,1.01474084826711,0,0,1,replayed_pf_result
5,14,1,26,1.01681546741095,0,0,1,replayed_pf_result
5,14,1,27,1.00165339074166,0,0,1,replayed_pf_result
5,14,1,28,1.02038408064739,0,0,1,replayed_pf_result
5,14,1,29,1.02155297970613,0,0,1,replayed_pf_result
5,14,1,30,1.0499,0,0,1,replayed_pf_result
5,14,1,31,1,0,0,1,replayed_pf_result
5,14,1,32,1,0,0,1,replayed_pf_result
5,14,1,33,1,0,0,1,replayed_pf_result
5,14,1,34,1,0,0,1,replayed_pf_result
5,14,1,35,1,0,0,1,replayed_pf_result
5,14,1,36,1,0,0,1,replayed_pf_result
5,14,1,37,1,0,0,1,replayed_pf_result
5,14,1,38,1,0,0,1,replayed_pf_result
5,14,1,39,1,0,0,1,replayed_pf_result
5,15,1,1,1.00037377179202,0,0,1,replayed_pf_result
5,15,1,2,0.997889115537824,0,0,1,replayed_pf_result
5,15,1,3,0.988475485925566,0,0,1,replayed_pf_result
5,15,1,4,0.968776339373868,0,0,1,replayed_pf_result
5,15,1,5,0.973087066183593,0,0,1,replayed_pf_result
5,15,1,6,0.97707911491245,0,0,1,replayed_pf_result
5,15,1,7,0.964533182856802,0,0,1,replayed_pf_result
5,15,1,8,0.96314083996954,0,0,1,replayed_pf_result
5,15,1,9,1.00265891157387,0,0,1,replayed_pf_result
5,15,1,10,0.99755884179835,0,0,1,replayed_pf_result
5,15,1,11,0.989494245358726,0,0,1,replayed_pf_result
5,15,1,12,0.976348228317017,0,0,1,replayed_pf_result
5,15,1,13,0.991191126130084,0,0,1,replayed_pf_result
5,15,1,14,0.981557098651787,0,0,1,replayed_pf_result
5,15,1,15,0.981646485487699,0,0,1,replayed_pf_result
5,15,1,16,0.997063103326075,0,0,1,replayed_pf_result
5,15,1,17,0.996620394898621,0,0,1,replayed_pf_result
5,15,1,18,0.992084450219059,0,0,1,replayed_pf_result
5,15,1,19,1.0359082824088,0,0,1,replayed_pf_result
5,15,1,20,0.977631306019084,0,0,1,replayed_pf_result
5,15,1,21,0.990051866420717,0,0,1,replayed_pf_result
5,15,1,22,1.00186234259278,0,0,1,replayed_pf_result
5,15,1,23,0.99455720202727,0,0,1,replayed_pf_result
5,15,1,24,1.00040753196202,0,0,1,replayed_pf_result
5,15,1,25,1.01474084826711,0,0,1,replayed_pf_result
5,15,1,26,1.01681546741095,0,0,1,replayed_pf_result
5,15,1,27,1.00165339074166,0,0,1,replayed_pf_result
5,15,1,28,1.02038408064739,0,0,1,replayed_pf_result
5,15,1,29,1.02155297970613,0,0,1,replayed_pf_result
5,15,1,30,1.0499,0,0,1,replayed_pf_result
5,15,1,31,1,0,0,1,replayed_pf_result
5,15,1,32,1,0,0,1,replayed_pf_result
5,15,1,33,1,0,0,1,replayed_pf_result
5,15,1,34,1,0,0,1,replayed_pf_result
5,15,1,35,1,0,0,1,replayed_pf_result
5,15,1,36,1,0,0,1,replayed_pf_result
5,15,1,37,1,0,0,1,replayed_pf_result
5,15,1,38,1,0,0,1,replayed_pf_result
5,15,1,39,1,0,0,1,replayed_pf_result
5,16,1,1,1.00037377179202,0,0,1,replayed_pf_result
5,16,1,2,0.997889115537824,0,0,1,replayed_pf_result
5,16,1,3,0.988475485925566,0,0,1,replayed_pf_result
5,16,1,4,0.968776339373868,0,0,1,replayed_pf_result
5,16,1,5,0.973087066183593,0,0,1,replayed_pf_result
5,16,1,6,0.97707911491245,0,0,1,replayed_pf_result
5,16,1,7,0.964533182856802,0,0,1,replayed_pf_result
5,16,1,8,0.96314083996954,0,0,1,replayed_pf_result
5,16,1,9,1.00265891157387,0,0,1,replayed_pf_result
5,16,1,10,0.99755884179835,0,0,1,replayed_pf_result
5,16,1,11,0.989494245358726,0,0,1,replayed_pf_result
5,16,1,12,0.976348228317017,0,0,1,replayed_pf_result
5,16,1,13,0.991191126130084,0,0,1,replayed_pf_result
5,16,1,14,0.981557098651787,0,0,1,replayed_pf_result
5,16,1,15,0.981646485487699,0,0,1,replayed_pf_result
5,16,1,16,0.997063103326075,0,0,1,replayed_pf_result
5,16,1,17,0.996620394898621,0,0,1,replayed_pf_result
5,16,1,18,0.992084450219059,0,0,1,replayed_pf_result
5,16,1,19,1.0359082824088,0,0,1,replayed_pf_result
5,16,1,20,0.977631306019084,0,0,1,replayed_pf_result
5,16,1,21,0.990051866420717,0,0,1,replayed_pf_result
5,16,1,22,1.00186234259278,0,0,1,replayed_pf_result
5,16,1,23,0.99455720202727,0,0,1,replayed_pf_result
5,16,1,24,1.00040753196202,0,0,1,replayed_pf_result
5,16,1,25,1.01474084826711,0,0,1,replayed_pf_result
5,16,1,26,1.01681546741095,0,0,1,replayed_pf_result
5,16,1,27,1.00165339074166,0,0,1,replayed_pf_result
5,16,1,28,1.02038408064739,0,0,1,replayed_pf_result
5,16,1,29,1.02155297970613,0,0,1,replayed_pf_result
5,16,1,30,1.0499,0,0,1,replayed_pf_result
5,16,1,31,1,0,0,1,replayed_pf_result
5,16,1,32,1,0,0,1,replayed_pf_result
5,16,1,33,1,0,0,1,replayed_pf_result
5,16,1,34,1,0,0,1,replayed_pf_result
5,16,1,35,1,0,0,1,replayed_pf_result
5,16,1,36,1,0,0,1,replayed_pf_result
5,16,1,37,1,0,0,1,replayed_pf_result
5,16,1,38,1,0,0,1,replayed_pf_result
5,16,1,39,1,0,0,1,replayed_pf_result
5,17,1,1,1.00037377179202,0,0,1,replayed_pf_result
5,17,1,2,0.997889115537824,0,0,1,replayed_pf_result
5,17,1,3,0.988475485925566,0,0,1,replayed_pf_result
5,17,1,4,0.968776339373868,0,0,1,replayed_pf_result
5,17,1,5,0.973087066183593,0,0,1,replayed_pf_result
5,17,1,6,0.97707911491245,0,0,1,replayed_pf_result
5,17,1,7,0.964533182856802,0,0,1,replayed_pf_result
5,17,1,8,0.96314083996954,0,0,1,replayed_pf_result
5,17,1,9,1.00265891157387,0,0,1,replayed_pf_result
5,17,1,10,0.99755884179835,0,0,1,replayed_pf_result
5,17,1,11,0.989494245358726,0,0,1,replayed_pf_result
5,17,1,12,0.976348228317017,0,0,1,replayed_pf_result
5,17,1,13,0.991191126130084,0,0,1,replayed_pf_result
5,17,1,14,0.981557098651787,0,0,1,replayed_pf_result
5,17,1,15,0.981646485487699,0,0,1,replayed_pf_result
5,17,1,16,0.997063103326075,0,0,1,replayed_pf_result
5,17,1,17,0.996620394898621,0,0,1,replayed_pf_result
5,17,1,18,0.992084450219059,0,0,1,replayed_pf_result
5,17,1,19,1.0359082824088,0,0,1,replayed_pf_result
5,17,1,20,0.977631306019084,0,0,1,replayed_pf_result
5,17,1,21,0.990051866420717,0,0,1,replayed_pf_result
5,17,1,22,1.00186234259278,0,0,1,replayed_pf_result
5,17,1,23,0.99455720202727,0,0,1,replayed_pf_result
5,17,1,24,1.00040753196202,0,0,1,replayed_pf_result
5,17,1,25,1.01474084826711,0,0,1,replayed_pf_result
5,17,1,26,1.01681546741095,0,0,1,replayed_pf_result
5,17,1,27,1.00165339074166,0,0,1,replayed_pf_result
5,17,1,28,1.02038408064739,0,0,1,replayed_pf_result
5,17,1,29,1.02155297970613,0,0,1,replayed_pf_result
5,17,1,30,1.0499,0,0,1,replayed_pf_result
5,17,1,31,1,0,0,1,replayed_pf_result
5,17,1,32,1,0,0,1,replayed_pf_result
5,17,1,33,1,0,0,1,replayed_pf_result
5,17,1,34,1,0,0,1,replayed_pf_result
5,17,1,35,1,0,0,1,replayed_pf_result
5,17,1,36,1,0,0,1,replayed_pf_result
5,17,1,37,1,0,0,1,replayed_pf_result
5,17,1,38,1,0,0,1,replayed_pf_result
5,17,1,39,1,0,0,1,replayed_pf_result
5,18,1,1,1.00037377179202,0,0,1,replayed_pf_result
5,18,1,2,0.997889115537824,0,0,1,replayed_pf_result
5,18,1,3,0.988475485925566,0,0,1,replayed_pf_result
5,18,1,4,0.968776339373868,0,0,1,replayed_pf_result
5,18,1,5,0.973087066183593,0,0,1,replayed_pf_result
5,18,1,6,0.97707911491245,0,0,1,replayed_pf_result
5,18,1,7,0.964533182856802,0,0,1,replayed_pf_result
5,18,1,8,0.96314083996954,0,0,1,replayed_pf_result
5,18,1,9,1.00265891157387,0,0,1,replayed_pf_result
5,18,1,10,0.99755884179835,0,0,1,replayed_pf_result
5,18,1,11,0.989494245358726,0,0,1,replayed_pf_result
5,18,1,12,0.976348228317017,0,0,1,replayed_pf_result
5,18,1,13,0.991191126130084,0,0,1,replayed_pf_result
5,18,1,14,0.981557098651787,0,0,1,replayed_pf_result
5,18,1,15,0.981646485487699,0,0,1,replayed_pf_result
5,18,1,16,0.997063103326075,0,0,1,replayed_pf_result
5,18,1,17,0.996620394898621,0,0,1,replayed_pf_result
5,18,1,18,0.992084450219059,0,0,1,replayed_pf_result
5,18,1,19,1.0359082824088,0,0,1,replayed_pf_result
5,18,1,20,0.977631306019084,0,0,1,replayed_pf_result
5,18,1,21,0.990051866420717,0,0,1,replayed_pf_result
5,18,1,22,1.00186234259278,0,0,1,replayed_pf_result
5,18,1,23,0.99455720202727,0,0,1,replayed_pf_result
5,18,1,24,1.00040753196202,0,0,1,replayed_pf_result
5,18,1,25,1.01474084826711,0,0,1,replayed_pf_result
5,18,1,26,1.01681546741095,0,0,1,replayed_pf_result
5,18,1,27,1.00165339074166,0,0,1,replayed_pf_result
5,18,1,28,1.02038408064739,0,0,1,replayed_pf_result
5,18,1,29,1.02155297970613,0,0,1,replayed_pf_result
5,18,1,30,1.0499,0,0,1,replayed_pf_result
5,18,1,31,1,0,0,1,replayed_pf_result
5,18,1,32,1,0,0,1,replayed_pf_result
5,18,1,33,1,0,0,1,replayed_pf_result
5,18,1,34,1,0,0,1,replayed_pf_result
5,18,1,35,1,0,0,1,replayed_pf_result
5,18,1,36,1,0,0,1,replayed_pf_result
5,18,1,37,1,0,0,1,replayed_pf_result
5,18,1,38,1,0,0,1,replayed_pf_result
5,18,1,39,1,0,0,1,replayed_pf_result
5,19,1,1,1.00037377179202,0,0,1,replayed_pf_result
5,19,1,2,0.997889115537824,0,0,1,replayed_pf_result
5,19,1,3,0.988475485925566,0,0,1,replayed_pf_result
5,19,1,4,0.968776339373868,0,0,1,replayed_pf_result
5,19,1,5,0.973087066183593,0,0,1,replayed_pf_result
5,19,1,6,0.97707911491245,0,0,1,replayed_pf_result
5,19,1,7,0.964533182856802,0,0,1,replayed_pf_result
5,19,1,8,0.96314083996954,0,0,1,replayed_pf_result
5,19,1,9,1.00265891157387,0,0,1,replayed_pf_result
5,19,1,10,0.99755884179835,0,0,1,replayed_pf_result
5,19,1,11,0.989494245358726,0,0,1,replayed_pf_result
5,19,1,12,0.976348228317017,0,0,1,replayed_pf_result
5,19,1,13,0.991191126130084,0,0,1,replayed_pf_result
5,19,1,14,0.981557098651787,0,0,1,replayed_pf_result
5,19,1,15,0.981646485487699,0,0,1,replayed_pf_result
5,19,1,16,0.997063103326075,0,0,1,replayed_pf_result
5,19,1,17,0.996620394898621,0,0,1,replayed_pf_result
5,19,1,18,0.992084450219059,0,0,1,replayed_pf_result
5,19,1,19,1.0359082824088,0,0,1,replayed_pf_result
5,19,1,20,0.977631306019084,0,0,1,replayed_pf_result
5,19,1,21,0.990051866420717,0,0,1,replayed_pf_result
5,19,1,22,1.00186234259278,0,0,1,replayed_pf_result
5,19,1,23,0.99455720202727,0,0,1,replayed_pf_result
5,19,1,24,1.00040753196202,0,0,1,replayed_pf_result
5,19,1,25,1.01474084826711,0,0,1,replayed_pf_result
5,19,1,26,1.01681546741095,0,0,1,replayed_pf_result
5,19,1,27,1.00165339074166,0,0,1,replayed_pf_result
5,19,1,28,1.02038408064739,0,0,1,replayed_pf_result
5,19,1,29,1.02155297970613,0,0,1,replayed_pf_result
5,19,1,30,1.0499,0,0,1,replayed_pf_result
5,19,1,31,1,0,0,1,replayed_pf_result
5,19,1,32,1,0,0,1,replayed_pf_result
5,19,1,33,1,0,0,1,replayed_pf_result
5,19,1,34,1,0,0,1,replayed_pf_result
5,19,1,35,1,0,0,1,replayed_pf_result
5,19,1,36,1,0,0,1,replayed_pf_result
5,19,1,37,1,0,0,1,replayed_pf_result
5,19,1,38,1,0,0,1,replayed_pf_result
5,19,1,39,1,0,0,1,replayed_pf_result
5,20,1,1,1.00037377179202,0,0,1,replayed_pf_result
5,20,1,2,0.997889115537824,0,0,1,replayed_pf_result
5,20,1,3,0.988475485925566,0,0,1,replayed_pf_result
5,20,1,4,0.968776339373868,0,0,1,replayed_pf_result
5,20,1,5,0.973087066183593,0,0,1,replayed_pf_result
5,20,1,6,0.97707911491245,0,0,1,replayed_pf_result
5,20,1,7,0.964533182856802,0,0,1,replayed_pf_result
5,20,1,8,0.96314083996954,0,0,1,replayed_pf_result
5,20,1,9,1.00265891157387,0,0,1,replayed_pf_result
5,20,1,10,0.99755884179835,0,0,1,replayed_pf_result
5,20,1,11,0.989494245358726,0,0,1,replayed_pf_result
5,20,1,12,0.976348228317017,0,0,1,replayed_pf_result
5,20,1,13,0.991191126130084,0,0,1,replayed_pf_result
5,20,1,14,0.981557098651787,0,0,1,replayed_pf_result
5,20,1,15,0.981646485487699,0,0,1,replayed_pf_result
5,20,1,16,0.997063103326075,0,0,1,replayed_pf_result
5,20,1,17,0.996620394898621,0,0,1,replayed_pf_result
5,20,1,18,0.992084450219059,0,0,1,replayed_pf_result
5,20,1,19,1.0359082824088,0,0,1,replayed_pf_result
5,20,1,20,0.977631306019084,0,0,1,replayed_pf_result
5,20,1,21,0.990051866420717,0,0,1,replayed_pf_result
5,20,1,22,1.00186234259278,0,0,1,replayed_pf_result
5,20,1,23,0.99455720202727,0,0,1,replayed_pf_result
5,20,1,24,1.00040753196202,0,0,1,replayed_pf_result
5,20,1,25,1.01474084826711,0,0,1,replayed_pf_result
5,20,1,26,1.01681546741095,0,0,1,replayed_pf_result
5,20,1,27,1.00165339074166,0,0,1,replayed_pf_result
5,20,1,28,1.02038408064739,0,0,1,replayed_pf_result
5,20,1,29,1.02155297970613,0,0,1,replayed_pf_result
5,20,1,30,1.0499,0,0,1,replayed_pf_result
5,20,1,31,1,0,0,1,replayed_pf_result
5,20,1,32,1,0,0,1,replayed_pf_result
5,20,1,33,1,0,0,1,replayed_pf_result
5,20,1,34,1,0,0,1,replayed_pf_result
5,20,1,35,1,0,0,1,replayed_pf_result
5,20,1,36,1,0,0,1,replayed_pf_result
5,20,1,37,1,0,0,1,replayed_pf_result
5,20,1,38,1,0,0,1,replayed_pf_result
5,20,1,39,1,0,0,1,replayed_pf_result
6,1,1,1,1.00507078207923,0,0,1,replayed_pf_result
6,1,1,2,1.0161035167368,0,0,1,replayed_pf_result
6,1,1,3,1.01060669389732,0,0,1,replayed_pf_result
6,1,1,4,0.973640081888651,0,0,1,replayed_pf_result
6,1,1,5,0.985817792241983,0,0,1,replayed_pf_result
6,1,1,6,0.990696572280526,0,0,1,replayed_pf_result
6,1,1,7,0.978128300920979,0,0,1,replayed_pf_result
6,1,1,8,0.976478260495557,0,0,1,replayed_pf_result
6,1,1,9,1.01017938167799,0,0,1,replayed_pf_result
6,1,1,10,1.00624584113255,0,0,1,replayed_pf_result
6,1,1,11,0.999758572859936,0,0,1,replayed_pf_result
6,1,1,12,0.986097912949733,0,0,1,replayed_pf_result
6,1,1,13,0.999872102205964,0,0,1,replayed_pf_result
6,1,1,14,0.989221658938973,0,0,1,replayed_pf_result
6,1,1,15,0.989295229899929,0,0,1,replayed_pf_result
6,1,1,16,1.00445116474882,0,0,1,replayed_pf_result
6,1,1,17,1.00796170478446,0,0,1,replayed_pf_result
6,1,1,18,1.00761913159982,0,0,1,replayed_pf_result
6,1,1,19,1.03862474565336,0,0,1,replayed_pf_result
6,1,1,20,0.979114410543282,0,0,1,replayed_pf_result
6,1,1,21,0.995261640094695,0,0,1,replayed_pf_result
6,1,1,22,1.00465530372461,0,0,1,replayed_pf_result
6,1,1,23,0.997449957541034,0,0,1,replayed_pf_result
6,1,1,24,1.00714256794234,0,0,1,replayed_pf_result
6,1,1,25,1.02457266866706,0,0,1,replayed_pf_result
6,1,1,26,1.02443335224231,0,0,1,replayed_pf_result
6,1,1,27,1.01096655487511,0,0,1,replayed_pf_result
6,1,1,28,1.02431304208348,0,0,1,replayed_pf_result
6,1,1,29,1.02424541838952,0,0,1,replayed_pf_result
6,1,1,30,1,0,0,1,replayed_pf_result
6,1,1,31,1,0,0,1,replayed_pf_result
6,1,1,32,1,0,0,1,replayed_pf_result
6,1,1,33,1,0,0,1,replayed_pf_result
6,1,1,34,1,0,0,1,replayed_pf_result
6,1,1,35,1,0,0,1,replayed_pf_result
6,1,1,36,1,0,0,1,replayed_pf_result
6,1,1,37,1,0,0,1,replayed_pf_result
6,1,1,38,1,0,0,1,replayed_pf_result
6,1,1,39,1,0,0,1,replayed_pf_result
6,2,1,1,1.00507078207923,0,0,1,replayed_pf_result
6,2,1,2,1.0161035167368,0,0,1,replayed_pf_result
6,2,1,3,1.01060669389732,0,0,1,replayed_pf_result
6,2,1,4,0.973640081888651,0,0,1,replayed_pf_result
6,2,1,5,0.985817792241983,0,0,1,replayed_pf_result
6,2,1,6,0.990696572280526,0,0,1,replayed_pf_result
6,2,1,7,0.978128300920979,0,0,1,replayed_pf_result
6,2,1,8,0.976478260495557,0,0,1,replayed_pf_result
6,2,1,9,1.01017938167799,0,0,1,replayed_pf_result
6,2,1,10,1.00624584113255,0,0,1,replayed_pf_result
6,2,1,11,0.999758572859936,0,0,1,replayed_pf_result
6,2,1,12,0.986097912949733,0,0,1,replayed_pf_result
6,2,1,13,0.999872102205964,0,0,1,replayed_pf_result
6,2,1,14,0.989221658938973,0,0,1,replayed_pf_result
6,2,1,15,0.989295229899929,0,0,1,replayed_pf_result
6,2,1,16,1.00445116474882,0,0,1,replayed_pf_result
6,2,1,17,1.00796170478446,0,0,1,replayed_pf_result
6,2,1,18,1.00761913159982,0,0,1,replayed_pf_result
6,2,1,19,1.03862474565336,0,0,1,replayed_pf_result
6,2,1,20,0.979114410543282,0,0,1,replayed_pf_result
6,2,1,21,0.995261640094695,0,0,1,replayed_pf_result
6,2,1,22,1.00465530372461,0,0,1,replayed_pf_result
6,2,1,23,0.997449957541034,0,0,1,replayed_pf_result
6,2,1,24,1.00714256794234,0,0,1,replayed_pf_result
6,2,1,25,1.02457266866706,0,0,1,replayed_pf_result
6,2,1,26,1.02443335224231,0,0,1,replayed_pf_result
6,2,1,27,1.01096655487511,0,0,1,replayed_pf_result
6,2,1,28,1.02431304208348,0,0,1,replayed_pf_result
6,2,1,29,1.02424541838952,0,0,1,replayed_pf_result
6,2,1,30,1,0,0,1,replayed_pf_result
6,2,1,31,1,0,0,1,replayed_pf_result
6,2,1,32,1,0,0,1,replayed_pf_result
6,2,1,33,1,0,0,1,replayed_pf_result
6,2,1,34,1,0,0,1,replayed_pf_result
6,2,1,35,1,0,0,1,replayed_pf_result
6,2,1,36,1,0,0,1,replayed_pf_result
6,2,1,37,1,0,0,1,replayed_pf_result
6,2,1,38,1,0,0,1,replayed_pf_result
6,2,1,39,1,0,0,1,replayed_pf_result
6,3,1,1,1.00507078207923,0,0,1,replayed_pf_result
6,3,1,2,1.0161035167368,0,0,1,replayed_pf_result
6,3,1,3,1.01060669389732,0,0,1,replayed_pf_result
6,3,1,4,0.973640081888651,0,0,1,replayed_pf_result
6,3,1,5,0.985817792241983,0,0,1,replayed_pf_result
6,3,1,6,0.990696572280526,0,0,1,replayed_pf_result
6,3,1,7,0.978128300920979,0,0,1,replayed_pf_result
6,3,1,8,0.976478260495557,0,0,1,replayed_pf_result
6,3,1,9,1.01017938167799,0,0,1,replayed_pf_result
6,3,1,10,1.00624584113255,0,0,1,replayed_pf_result
6,3,1,11,0.999758572859936,0,0,1,replayed_pf_result
6,3,1,12,0.986097912949733,0,0,1,replayed_pf_result
6,3,1,13,0.999872102205964,0,0,1,replayed_pf_result
6,3,1,14,0.989221658938973,0,0,1,replayed_pf_result
6,3,1,15,0.989295229899929,0,0,1,replayed_pf_result
6,3,1,16,1.00445116474882,0,0,1,replayed_pf_result
6,3,1,17,1.00796170478446,0,0,1,replayed_pf_result
6,3,1,18,1.00761913159982,0,0,1,replayed_pf_result
6,3,1,19,1.03862474565336,0,0,1,replayed_pf_result
6,3,1,20,0.979114410543282,0,0,1,replayed_pf_result
6,3,1,21,0.995261640094695,0,0,1,replayed_pf_result
6,3,1,22,1.00465530372461,0,0,1,replayed_pf_result
6,3,1,23,0.997449957541034,0,0,1,replayed_pf_result
6,3,1,24,1.00714256794234,0,0,1,replayed_pf_result
6,3,1,25,1.02457266866706,0,0,1,replayed_pf_result
6,3,1,26,1.02443335224231,0,0,1,replayed_pf_result
6,3,1,27,1.01096655487511,0,0,1,replayed_pf_result
6,3,1,28,1.02431304208348,0,0,1,replayed_pf_result
6,3,1,29,1.02424541838952,0,0,1,replayed_pf_result
6,3,1,30,1,0,0,1,replayed_pf_result
6,3,1,31,1,0,0,1,replayed_pf_result
6,3,1,32,1,0,0,1,replayed_pf_result
6,3,1,33,1,0,0,1,replayed_pf_result
6,3,1,34,1,0,0,1,replayed_pf_result
6,3,1,35,1,0,0,1,replayed_pf_result
6,3,1,36,1,0,0,1,replayed_pf_result
6,3,1,37,1,0,0,1,replayed_pf_result
6,3,1,38,1,0,0,1,replayed_pf_result
6,3,1,39,1,0,0,1,replayed_pf_result
6,4,1,1,1.00507078207923,0,0,1,replayed_pf_result
6,4,1,2,1.0161035167368,0,0,1,replayed_pf_result
6,4,1,3,1.01060669389732,0,0,1,replayed_pf_result
6,4,1,4,0.973640081888651,0,0,1,replayed_pf_result
6,4,1,5,0.985817792241983,0,0,1,replayed_pf_result
6,4,1,6,0.990696572280526,0,0,1,replayed_pf_result
6,4,1,7,0.978128300920979,0,0,1,replayed_pf_result
6,4,1,8,0.976478260495557,0,0,1,replayed_pf_result
6,4,1,9,1.01017938167799,0,0,1,replayed_pf_result
6,4,1,10,1.00624584113255,0,0,1,replayed_pf_result
6,4,1,11,0.999758572859936,0,0,1,replayed_pf_result
6,4,1,12,0.986097912949733,0,0,1,replayed_pf_result
6,4,1,13,0.999872102205964,0,0,1,replayed_pf_result
6,4,1,14,0.989221658938973,0,0,1,replayed_pf_result
6,4,1,15,0.989295229899929,0,0,1,replayed_pf_result
6,4,1,16,1.00445116474882,0,0,1,replayed_pf_result
6,4,1,17,1.00796170478446,0,0,1,replayed_pf_result
6,4,1,18,1.00761913159982,0,0,1,replayed_pf_result
6,4,1,19,1.03862474565336,0,0,1,replayed_pf_result
6,4,1,20,0.979114410543282,0,0,1,replayed_pf_result
6,4,1,21,0.995261640094695,0,0,1,replayed_pf_result
6,4,1,22,1.00465530372461,0,0,1,replayed_pf_result
6,4,1,23,0.997449957541034,0,0,1,replayed_pf_result
6,4,1,24,1.00714256794234,0,0,1,replayed_pf_result
6,4,1,25,1.02457266866706,0,0,1,replayed_pf_result
6,4,1,26,1.02443335224231,0,0,1,replayed_pf_result
6,4,1,27,1.01096655487511,0,0,1,replayed_pf_result
6,4,1,28,1.02431304208348,0,0,1,replayed_pf_result
6,4,1,29,1.02424541838952,0,0,1,replayed_pf_result
6,4,1,30,1,0,0,1,replayed_pf_result
6,4,1,31,1,0,0,1,replayed_pf_result
6,4,1,32,1,0,0,1,replayed_pf_result
6,4,1,33,1,0,0,1,replayed_pf_result
6,4,1,34,1,0,0,1,replayed_pf_result
6,4,1,35,1,0,0,1,replayed_pf_result
6,4,1,36,1,0,0,1,replayed_pf_result
6,4,1,37,1,0,0,1,replayed_pf_result
6,4,1,38,1,0,0,1,replayed_pf_result
6,4,1,39,1,0,0,1,replayed_pf_result
6,5,1,1,1.00507078207923,0,0,1,replayed_pf_result
6,5,1,2,1.0161035167368,0,0,1,replayed_pf_result
6,5,1,3,1.01060669389732,0,0,1,replayed_pf_result
6,5,1,4,0.973640081888651,0,0,1,replayed_pf_result
6,5,1,5,0.985817792241983,0,0,1,replayed_pf_result
6,5,1,6,0.990696572280526,0,0,1,replayed_pf_result
6,5,1,7,0.978128300920979,0,0,1,replayed_pf_result
6,5,1,8,0.976478260495557,0,0,1,replayed_pf_result
6,5,1,9,1.01017938167799,0,0,1,replayed_pf_result
6,5,1,10,1.00624584113255,0,0,1,replayed_pf_result
6,5,1,11,0.999758572859936,0,0,1,replayed_pf_result
6,5,1,12,0.986097912949733,0,0,1,replayed_pf_result
6,5,1,13,0.999872102205964,0,0,1,replayed_pf_result
6,5,1,14,0.989221658938973,0,0,1,replayed_pf_result
6,5,1,15,0.989295229899929,0,0,1,replayed_pf_result
6,5,1,16,1.00445116474882,0,0,1,replayed_pf_result
6,5,1,17,1.00796170478446,0,0,1,replayed_pf_result
6,5,1,18,1.00761913159982,0,0,1,replayed_pf_result
6,5,1,19,1.03862474565336,0,0,1,replayed_pf_result
6,5,1,20,0.979114410543282,0,0,1,replayed_pf_result
6,5,1,21,0.995261640094695,0,0,1,replayed_pf_result
6,5,1,22,1.00465530372461,0,0,1,replayed_pf_result
6,5,1,23,0.997449957541034,0,0,1,replayed_pf_result
6,5,1,24,1.00714256794234,0,0,1,replayed_pf_result
6,5,1,25,1.02457266866706,0,0,1,replayed_pf_result
6,5,1,26,1.02443335224231,0,0,1,replayed_pf_result
6,5,1,27,1.01096655487511,0,0,1,replayed_pf_result
6,5,1,28,1.02431304208348,0,0,1,replayed_pf_result
6,5,1,29,1.02424541838952,0,0,1,replayed_pf_result
6,5,1,30,1,0,0,1,replayed_pf_result
6,5,1,31,1,0,0,1,replayed_pf_result
6,5,1,32,1,0,0,1,replayed_pf_result
6,5,1,33,1,0,0,1,replayed_pf_result
6,5,1,34,1,0,0,1,replayed_pf_result
6,5,1,35,1,0,0,1,replayed_pf_result
6,5,1,36,1,0,0,1,replayed_pf_result
6,5,1,37,1,0,0,1,replayed_pf_result
6,5,1,38,1,0,0,1,replayed_pf_result
6,5,1,39,1,0,0,1,replayed_pf_result
6,6,1,1,1.00507078207923,0,0,1,replayed_pf_result
6,6,1,2,1.0161035167368,0,0,1,replayed_pf_result
6,6,1,3,1.01060669389732,0,0,1,replayed_pf_result
6,6,1,4,0.973640081888651,0,0,1,replayed_pf_result
6,6,1,5,0.985817792241983,0,0,1,replayed_pf_result
6,6,1,6,0.990696572280526,0,0,1,replayed_pf_result
6,6,1,7,0.978128300920979,0,0,1,replayed_pf_result
6,6,1,8,0.976478260495557,0,0,1,replayed_pf_result
6,6,1,9,1.01017938167799,0,0,1,replayed_pf_result
6,6,1,10,1.00624584113255,0,0,1,replayed_pf_result
6,6,1,11,0.999758572859936,0,0,1,replayed_pf_result
6,6,1,12,0.986097912949733,0,0,1,replayed_pf_result
6,6,1,13,0.999872102205964,0,0,1,replayed_pf_result
6,6,1,14,0.989221658938973,0,0,1,replayed_pf_result
6,6,1,15,0.989295229899929,0,0,1,replayed_pf_result
6,6,1,16,1.00445116474882,0,0,1,replayed_pf_result
6,6,1,17,1.00796170478446,0,0,1,replayed_pf_result
6,6,1,18,1.00761913159982,0,0,1,replayed_pf_result
6,6,1,19,1.03862474565336,0,0,1,replayed_pf_result
6,6,1,20,0.979114410543282,0,0,1,replayed_pf_result
6,6,1,21,0.995261640094695,0,0,1,replayed_pf_result
6,6,1,22,1.00465530372461,0,0,1,replayed_pf_result
6,6,1,23,0.997449957541034,0,0,1,replayed_pf_result
6,6,1,24,1.00714256794234,0,0,1,replayed_pf_result
6,6,1,25,1.02457266866706,0,0,1,replayed_pf_result
6,6,1,26,1.02443335224231,0,0,1,replayed_pf_result
6,6,1,27,1.01096655487511,0,0,1,replayed_pf_result
6,6,1,28,1.02431304208348,0,0,1,replayed_pf_result
6,6,1,29,1.02424541838952,0,0,1,replayed_pf_result
6,6,1,30,1,0,0,1,replayed_pf_result
6,6,1,31,1,0,0,1,replayed_pf_result
6,6,1,32,1,0,0,1,replayed_pf_result
6,6,1,33,1,0,0,1,replayed_pf_result
6,6,1,34,1,0,0,1,replayed_pf_result
6,6,1,35,1,0,0,1,replayed_pf_result
6,6,1,36,1,0,0,1,replayed_pf_result
6,6,1,37,1,0,0,1,replayed_pf_result
6,6,1,38,1,0,0,1,replayed_pf_result
6,6,1,39,1,0,0,1,replayed_pf_result
6,7,1,1,1.00507078207923,0,0,1,replayed_pf_result
6,7,1,2,1.0161035167368,0,0,1,replayed_pf_result
6,7,1,3,1.01060669389732,0,0,1,replayed_pf_result
6,7,1,4,0.973640081888651,0,0,1,replayed_pf_result
6,7,1,5,0.985817792241983,0,0,1,replayed_pf_result
6,7,1,6,0.990696572280526,0,0,1,replayed_pf_result
6,7,1,7,0.978128300920979,0,0,1,replayed_pf_result
6,7,1,8,0.976478260495557,0,0,1,replayed_pf_result
6,7,1,9,1.01017938167799,0,0,1,replayed_pf_result
6,7,1,10,1.00624584113255,0,0,1,replayed_pf_result
6,7,1,11,0.999758572859936,0,0,1,replayed_pf_result
6,7,1,12,0.986097912949733,0,0,1,replayed_pf_result
6,7,1,13,0.999872102205964,0,0,1,replayed_pf_result
6,7,1,14,0.989221658938973,0,0,1,replayed_pf_result
6,7,1,15,0.989295229899929,0,0,1,replayed_pf_result
6,7,1,16,1.00445116474882,0,0,1,replayed_pf_result
6,7,1,17,1.00796170478446,0,0,1,replayed_pf_result
6,7,1,18,1.00761913159982,0,0,1,replayed_pf_result
6,7,1,19,1.03862474565336,0,0,1,replayed_pf_result
6,7,1,20,0.979114410543282,0,0,1,replayed_pf_result
6,7,1,21,0.995261640094695,0,0,1,replayed_pf_result
6,7,1,22,1.00465530372461,0,0,1,replayed_pf_result
6,7,1,23,0.997449957541034,0,0,1,replayed_pf_result
6,7,1,24,1.00714256794234,0,0,1,replayed_pf_result
6,7,1,25,1.02457266866706,0,0,1,replayed_pf_result
6,7,1,26,1.02443335224231,0,0,1,replayed_pf_result
6,7,1,27,1.01096655487511,0,0,1,replayed_pf_result
6,7,1,28,1.02431304208348,0,0,1,replayed_pf_result
6,7,1,29,1.02424541838952,0,0,1,replayed_pf_result
6,7,1,30,1,0,0,1,replayed_pf_result
6,7,1,31,1,0,0,1,replayed_pf_result
6,7,1,32,1,0,0,1,replayed_pf_result
6,7,1,33,1,0,0,1,replayed_pf_result
6,7,1,34,1,0,0,1,replayed_pf_result
6,7,1,35,1,0,0,1,replayed_pf_result
6,7,1,36,1,0,0,1,replayed_pf_result
6,7,1,37,1,0,0,1,replayed_pf_result
6,7,1,38,1,0,0,1,replayed_pf_result
6,7,1,39,1,0,0,1,replayed_pf_result
6,8,1,1,1.00507078207923,0,0,1,replayed_pf_result
6,8,1,2,1.0161035167368,0,0,1,replayed_pf_result
6,8,1,3,1.01060669389732,0,0,1,replayed_pf_result
6,8,1,4,0.973640081888651,0,0,1,replayed_pf_result
6,8,1,5,0.985817792241983,0,0,1,replayed_pf_result
6,8,1,6,0.990696572280526,0,0,1,replayed_pf_result
6,8,1,7,0.978128300920979,0,0,1,replayed_pf_result
6,8,1,8,0.976478260495557,0,0,1,replayed_pf_result
6,8,1,9,1.01017938167799,0,0,1,replayed_pf_result
6,8,1,10,1.00624584113255,0,0,1,replayed_pf_result
6,8,1,11,0.999758572859936,0,0,1,replayed_pf_result
6,8,1,12,0.986097912949733,0,0,1,replayed_pf_result
6,8,1,13,0.999872102205964,0,0,1,replayed_pf_result
6,8,1,14,0.989221658938973,0,0,1,replayed_pf_result
6,8,1,15,0.989295229899929,0,0,1,replayed_pf_result
6,8,1,16,1.00445116474882,0,0,1,replayed_pf_result
6,8,1,17,1.00796170478446,0,0,1,replayed_pf_result
6,8,1,18,1.00761913159982,0,0,1,replayed_pf_result
6,8,1,19,1.03862474565336,0,0,1,replayed_pf_result
6,8,1,20,0.979114410543282,0,0,1,replayed_pf_result
6,8,1,21,0.995261640094695,0,0,1,replayed_pf_result
6,8,1,22,1.00465530372461,0,0,1,replayed_pf_result
6,8,1,23,0.997449957541034,0,0,1,replayed_pf_result
6,8,1,24,1.00714256794234,0,0,1,replayed_pf_result
6,8,1,25,1.02457266866706,0,0,1,replayed_pf_result
6,8,1,26,1.02443335224231,0,0,1,replayed_pf_result
6,8,1,27,1.01096655487511,0,0,1,replayed_pf_result
6,8,1,28,1.02431304208348,0,0,1,replayed_pf_result
6,8,1,29,1.02424541838952,0,0,1,replayed_pf_result
6,8,1,30,1,0,0,1,replayed_pf_result
6,8,1,31,1,0,0,1,replayed_pf_result
6,8,1,32,1,0,0,1,replayed_pf_result
6,8,1,33,1,0,0,1,replayed_pf_result
6,8,1,34,1,0,0,1,replayed_pf_result
6,8,1,35,1,0,0,1,replayed_pf_result
6,8,1,36,1,0,0,1,replayed_pf_result
6,8,1,37,1,0,0,1,replayed_pf_result
6,8,1,38,1,0,0,1,replayed_pf_result
6,8,1,39,1,0,0,1,replayed_pf_result
6,9,1,1,1.00507078207923,0,0,1,replayed_pf_result
6,9,1,2,1.0161035167368,0,0,1,replayed_pf_result
6,9,1,3,1.01060669389732,0,0,1,replayed_pf_result
6,9,1,4,0.973640081888651,0,0,1,replayed_pf_result
6,9,1,5,0.985817792241983,0,0,1,replayed_pf_result
6,9,1,6,0.990696572280526,0,0,1,replayed_pf_result
6,9,1,7,0.978128300920979,0,0,1,replayed_pf_result
6,9,1,8,0.976478260495557,0,0,1,replayed_pf_result
6,9,1,9,1.01017938167799,0,0,1,replayed_pf_result
6,9,1,10,1.00624584113255,0,0,1,replayed_pf_result
6,9,1,11,0.999758572859936,0,0,1,replayed_pf_result
6,9,1,12,0.986097912949733,0,0,1,replayed_pf_result
6,9,1,13,0.999872102205964,0,0,1,replayed_pf_result
6,9,1,14,0.989221658938973,0,0,1,replayed_pf_result
6,9,1,15,0.989295229899929,0,0,1,replayed_pf_result
6,9,1,16,1.00445116474882,0,0,1,replayed_pf_result
6,9,1,17,1.00796170478446,0,0,1,replayed_pf_result
6,9,1,18,1.00761913159982,0,0,1,replayed_pf_result
6,9,1,19,1.03862474565336,0,0,1,replayed_pf_result
6,9,1,20,0.979114410543282,0,0,1,replayed_pf_result
6,9,1,21,0.995261640094695,0,0,1,replayed_pf_result
6,9,1,22,1.00465530372461,0,0,1,replayed_pf_result
6,9,1,23,0.997449957541034,0,0,1,replayed_pf_result
6,9,1,24,1.00714256794234,0,0,1,replayed_pf_result
6,9,1,25,1.02457266866706,0,0,1,replayed_pf_result
6,9,1,26,1.02443335224231,0,0,1,replayed_pf_result
6,9,1,27,1.01096655487511,0,0,1,replayed_pf_result
6,9,1,28,1.02431304208348,0,0,1,replayed_pf_result
6,9,1,29,1.02424541838952,0,0,1,replayed_pf_result
6,9,1,30,1,0,0,1,replayed_pf_result
6,9,1,31,1,0,0,1,replayed_pf_result
6,9,1,32,1,0,0,1,replayed_pf_result
6,9,1,33,1,0,0,1,replayed_pf_result
6,9,1,34,1,0,0,1,replayed_pf_result
6,9,1,35,1,0,0,1,replayed_pf_result
6,9,1,36,1,0,0,1,replayed_pf_result
6,9,1,37,1,0,0,1,replayed_pf_result
6,9,1,38,1,0,0,1,replayed_pf_result
6,9,1,39,1,0,0,1,replayed_pf_result
6,10,1,1,1.00507078207923,0,0,1,replayed_pf_result
6,10,1,2,1.0161035167368,0,0,1,replayed_pf_result
6,10,1,3,1.01060669389732,0,0,1,replayed_pf_result
6,10,1,4,0.973640081888651,0,0,1,replayed_pf_result
6,10,1,5,0.985817792241983,0,0,1,replayed_pf_result
6,10,1,6,0.990696572280526,0,0,1,replayed_pf_result
6,10,1,7,0.978128300920979,0,0,1,replayed_pf_result
6,10,1,8,0.976478260495557,0,0,1,replayed_pf_result
6,10,1,9,1.01017938167799,0,0,1,replayed_pf_result
6,10,1,10,1.00624584113255,0,0,1,replayed_pf_result
6,10,1,11,0.999758572859936,0,0,1,replayed_pf_result
6,10,1,12,0.986097912949733,0,0,1,replayed_pf_result
6,10,1,13,0.999872102205964,0,0,1,replayed_pf_result
6,10,1,14,0.989221658938973,0,0,1,replayed_pf_result
6,10,1,15,0.989295229899929,0,0,1,replayed_pf_result
6,10,1,16,1.00445116474882,0,0,1,replayed_pf_result
6,10,1,17,1.00796170478446,0,0,1,replayed_pf_result
6,10,1,18,1.00761913159982,0,0,1,replayed_pf_result
6,10,1,19,1.03862474565336,0,0,1,replayed_pf_result
6,10,1,20,0.979114410543282,0,0,1,replayed_pf_result
6,10,1,21,0.995261640094695,0,0,1,replayed_pf_result
6,10,1,22,1.00465530372461,0,0,1,replayed_pf_result
6,10,1,23,0.997449957541034,0,0,1,replayed_pf_result
6,10,1,24,1.00714256794234,0,0,1,replayed_pf_result
6,10,1,25,1.02457266866706,0,0,1,replayed_pf_result
6,10,1,26,1.02443335224231,0,0,1,replayed_pf_result
6,10,1,27,1.01096655487511,0,0,1,replayed_pf_result
6,10,1,28,1.02431304208348,0,0,1,replayed_pf_result
6,10,1,29,1.02424541838952,0,0,1,replayed_pf_result
6,10,1,30,1,0,0,1,replayed_pf_result
6,10,1,31,1,0,0,1,replayed_pf_result
6,10,1,32,1,0,0,1,replayed_pf_result
6,10,1,33,1,0,0,1,replayed_pf_result
6,10,1,34,1,0,0,1,replayed_pf_result
6,10,1,35,1,0,0,1,replayed_pf_result
6,10,1,36,1,0,0,1,replayed_pf_result
6,10,1,37,1,0,0,1,replayed_pf_result
6,10,1,38,1,0,0,1,replayed_pf_result
6,10,1,39,1,0,0,1,replayed_pf_result
6,11,1,1,1.00507078207923,0,0,1,replayed_pf_result
6,11,1,2,1.0161035167368,0,0,1,replayed_pf_result
6,11,1,3,1.01060669389732,0,0,1,replayed_pf_result
6,11,1,4,0.973640081888651,0,0,1,replayed_pf_result
6,11,1,5,0.985817792241983,0,0,1,replayed_pf_result
6,11,1,6,0.990696572280526,0,0,1,replayed_pf_result
6,11,1,7,0.978128300920979,0,0,1,replayed_pf_result
6,11,1,8,0.976478260495557,0,0,1,replayed_pf_result
6,11,1,9,1.01017938167799,0,0,1,replayed_pf_result
6,11,1,10,1.00624584113255,0,0,1,replayed_pf_result
6,11,1,11,0.999758572859936,0,0,1,replayed_pf_result
6,11,1,12,0.986097912949733,0,0,1,replayed_pf_result
6,11,1,13,0.999872102205964,0,0,1,replayed_pf_result
6,11,1,14,0.989221658938973,0,0,1,replayed_pf_result
6,11,1,15,0.989295229899929,0,0,1,replayed_pf_result
6,11,1,16,1.00445116474882,0,0,1,replayed_pf_result
6,11,1,17,1.00796170478446,0,0,1,replayed_pf_result
6,11,1,18,1.00761913159982,0,0,1,replayed_pf_result
6,11,1,19,1.03862474565336,0,0,1,replayed_pf_result
6,11,1,20,0.979114410543282,0,0,1,replayed_pf_result
6,11,1,21,0.995261640094695,0,0,1,replayed_pf_result
6,11,1,22,1.00465530372461,0,0,1,replayed_pf_result
6,11,1,23,0.997449957541034,0,0,1,replayed_pf_result
6,11,1,24,1.00714256794234,0,0,1,replayed_pf_result
6,11,1,25,1.02457266866706,0,0,1,replayed_pf_result
6,11,1,26,1.02443335224231,0,0,1,replayed_pf_result
6,11,1,27,1.01096655487511,0,0,1,replayed_pf_result
6,11,1,28,1.02431304208348,0,0,1,replayed_pf_result
6,11,1,29,1.02424541838952,0,0,1,replayed_pf_result
6,11,1,30,1,0,0,1,replayed_pf_result
6,11,1,31,1,0,0,1,replayed_pf_result
6,11,1,32,1,0,0,1,replayed_pf_result
6,11,1,33,1,0,0,1,replayed_pf_result
6,11,1,34,1,0,0,1,replayed_pf_result
6,11,1,35,1,0,0,1,replayed_pf_result
6,11,1,36,1,0,0,1,replayed_pf_result
6,11,1,37,1,0,0,1,replayed_pf_result
6,11,1,38,1,0,0,1,replayed_pf_result
6,11,1,39,1,0,0,1,replayed_pf_result
6,12,1,1,1.00507078207923,0,0,1,replayed_pf_result
6,12,1,2,1.0161035167368,0,0,1,replayed_pf_result
6,12,1,3,1.01060669389732,0,0,1,replayed_pf_result
6,12,1,4,0.973640081888651,0,0,1,replayed_pf_result
6,12,1,5,0.985817792241983,0,0,1,replayed_pf_result
6,12,1,6,0.990696572280526,0,0,1,replayed_pf_result
6,12,1,7,0.978128300920979,0,0,1,replayed_pf_result
6,12,1,8,0.976478260495557,0,0,1,replayed_pf_result
6,12,1,9,1.01017938167799,0,0,1,replayed_pf_result
6,12,1,10,1.00624584113255,0,0,1,replayed_pf_result
6,12,1,11,0.999758572859936,0,0,1,replayed_pf_result
6,12,1,12,0.986097912949733,0,0,1,replayed_pf_result
6,12,1,13,0.999872102205964,0,0,1,replayed_pf_result
6,12,1,14,0.989221658938973,0,0,1,replayed_pf_result
6,12,1,15,0.989295229899929,0,0,1,replayed_pf_result
6,12,1,16,1.00445116474882,0,0,1,replayed_pf_result
6,12,1,17,1.00796170478446,0,0,1,replayed_pf_result
6,12,1,18,1.00761913159982,0,0,1,replayed_pf_result
6,12,1,19,1.03862474565336,0,0,1,replayed_pf_result
6,12,1,20,0.979114410543282,0,0,1,replayed_pf_result
6,12,1,21,0.995261640094695,0,0,1,replayed_pf_result
6,12,1,22,1.00465530372461,0,0,1,replayed_pf_result
6,12,1,23,0.997449957541034,0,0,1,replayed_pf_result
6,12,1,24,1.00714256794234,0,0,1,replayed_pf_result
6,12,1,25,1.02457266866706,0,0,1,replayed_pf_result
6,12,1,26,1.02443335224231,0,0,1,replayed_pf_result
6,12,1,27,1.01096655487511,0,0,1,replayed_pf_result
6,12,1,28,1.02431304208348,0,0,1,replayed_pf_result
6,12,1,29,1.02424541838952,0,0,1,replayed_pf_result
6,12,1,30,1,0,0,1,replayed_pf_result
6,12,1,31,1,0,0,1,replayed_pf_result
6,12,1,32,1,0,0,1,replayed_pf_result
6,12,1,33,1,0,0,1,replayed_pf_result
6,12,1,34,1,0,0,1,replayed_pf_result
6,12,1,35,1,0,0,1,replayed_pf_result
6,12,1,36,1,0,0,1,replayed_pf_result
6,12,1,37,1,0,0,1,replayed_pf_result
6,12,1,38,1,0,0,1,replayed_pf_result
6,12,1,39,1,0,0,1,replayed_pf_result
6,13,1,1,1.00507078207923,0,0,1,replayed_pf_result
6,13,1,2,1.0161035167368,0,0,1,replayed_pf_result
6,13,1,3,1.01060669389732,0,0,1,replayed_pf_result
6,13,1,4,0.973640081888651,0,0,1,replayed_pf_result
6,13,1,5,0.985817792241983,0,0,1,replayed_pf_result
6,13,1,6,0.990696572280526,0,0,1,replayed_pf_result
6,13,1,7,0.978128300920979,0,0,1,replayed_pf_result
6,13,1,8,0.976478260495557,0,0,1,replayed_pf_result
6,13,1,9,1.01017938167799,0,0,1,replayed_pf_result
6,13,1,10,1.00624584113255,0,0,1,replayed_pf_result
6,13,1,11,0.999758572859936,0,0,1,replayed_pf_result
6,13,1,12,0.986097912949733,0,0,1,replayed_pf_result
6,13,1,13,0.999872102205964,0,0,1,replayed_pf_result
6,13,1,14,0.989221658938973,0,0,1,replayed_pf_result
6,13,1,15,0.989295229899929,0,0,1,replayed_pf_result
6,13,1,16,1.00445116474882,0,0,1,replayed_pf_result
6,13,1,17,1.00796170478446,0,0,1,replayed_pf_result
6,13,1,18,1.00761913159982,0,0,1,replayed_pf_result
6,13,1,19,1.03862474565336,0,0,1,replayed_pf_result
6,13,1,20,0.979114410543282,0,0,1,replayed_pf_result
6,13,1,21,0.995261640094695,0,0,1,replayed_pf_result
6,13,1,22,1.00465530372461,0,0,1,replayed_pf_result
6,13,1,23,0.997449957541034,0,0,1,replayed_pf_result
6,13,1,24,1.00714256794234,0,0,1,replayed_pf_result
6,13,1,25,1.02457266866706,0,0,1,replayed_pf_result
6,13,1,26,1.02443335224231,0,0,1,replayed_pf_result
6,13,1,27,1.01096655487511,0,0,1,replayed_pf_result
6,13,1,28,1.02431304208348,0,0,1,replayed_pf_result
6,13,1,29,1.02424541838952,0,0,1,replayed_pf_result
6,13,1,30,1,0,0,1,replayed_pf_result
6,13,1,31,1,0,0,1,replayed_pf_result
6,13,1,32,1,0,0,1,replayed_pf_result
6,13,1,33,1,0,0,1,replayed_pf_result
6,13,1,34,1,0,0,1,replayed_pf_result
6,13,1,35,1,0,0,1,replayed_pf_result
6,13,1,36,1,0,0,1,replayed_pf_result
6,13,1,37,1,0,0,1,replayed_pf_result
6,13,1,38,1,0,0,1,replayed_pf_result
6,13,1,39,1,0,0,1,replayed_pf_result
6,14,1,1,1.00507078207923,0,0,1,replayed_pf_result
6,14,1,2,1.0161035167368,0,0,1,replayed_pf_result
6,14,1,3,1.01060669389732,0,0,1,replayed_pf_result
6,14,1,4,0.973640081888651,0,0,1,replayed_pf_result
6,14,1,5,0.985817792241983,0,0,1,replayed_pf_result
6,14,1,6,0.990696572280526,0,0,1,replayed_pf_result
6,14,1,7,0.978128300920979,0,0,1,replayed_pf_result
6,14,1,8,0.976478260495557,0,0,1,replayed_pf_result
6,14,1,9,1.01017938167799,0,0,1,replayed_pf_result
6,14,1,10,1.00624584113255,0,0,1,replayed_pf_result
6,14,1,11,0.999758572859936,0,0,1,replayed_pf_result
6,14,1,12,0.986097912949733,0,0,1,replayed_pf_result
6,14,1,13,0.999872102205964,0,0,1,replayed_pf_result
6,14,1,14,0.989221658938973,0,0,1,replayed_pf_result
6,14,1,15,0.989295229899929,0,0,1,replayed_pf_result
6,14,1,16,1.00445116474882,0,0,1,replayed_pf_result
6,14,1,17,1.00796170478446,0,0,1,replayed_pf_result
6,14,1,18,1.00761913159982,0,0,1,replayed_pf_result
6,14,1,19,1.03862474565336,0,0,1,replayed_pf_result
6,14,1,20,0.979114410543282,0,0,1,replayed_pf_result
6,14,1,21,0.995261640094695,0,0,1,replayed_pf_result
6,14,1,22,1.00465530372461,0,0,1,replayed_pf_result
6,14,1,23,0.997449957541034,0,0,1,replayed_pf_result
6,14,1,24,1.00714256794234,0,0,1,replayed_pf_result
6,14,1,25,1.02457266866706,0,0,1,replayed_pf_result
6,14,1,26,1.02443335224231,0,0,1,replayed_pf_result
6,14,1,27,1.01096655487511,0,0,1,replayed_pf_result
6,14,1,28,1.02431304208348,0,0,1,replayed_pf_result
6,14,1,29,1.02424541838952,0,0,1,replayed_pf_result
6,14,1,30,1,0,0,1,replayed_pf_result
6,14,1,31,1,0,0,1,replayed_pf_result
6,14,1,32,1,0,0,1,replayed_pf_result
6,14,1,33,1,0,0,1,replayed_pf_result
6,14,1,34,1,0,0,1,replayed_pf_result
6,14,1,35,1,0,0,1,replayed_pf_result
6,14,1,36,1,0,0,1,replayed_pf_result
6,14,1,37,1,0,0,1,replayed_pf_result
6,14,1,38,1,0,0,1,replayed_pf_result
6,14,1,39,1,0,0,1,replayed_pf_result
6,15,1,1,1.00507078207923,0,0,1,replayed_pf_result
6,15,1,2,1.0161035167368,0,0,1,replayed_pf_result
6,15,1,3,1.01060669389732,0,0,1,replayed_pf_result
6,15,1,4,0.973640081888651,0,0,1,replayed_pf_result
6,15,1,5,0.985817792241983,0,0,1,replayed_pf_result
6,15,1,6,0.990696572280526,0,0,1,replayed_pf_result
6,15,1,7,0.978128300920979,0,0,1,replayed_pf_result
6,15,1,8,0.976478260495557,0,0,1,replayed_pf_result
6,15,1,9,1.01017938167799,0,0,1,replayed_pf_result
6,15,1,10,1.00624584113255,0,0,1,replayed_pf_result
6,15,1,11,0.999758572859936,0,0,1,replayed_pf_result
6,15,1,12,0.986097912949733,0,0,1,replayed_pf_result
6,15,1,13,0.999872102205964,0,0,1,replayed_pf_result
6,15,1,14,0.989221658938973,0,0,1,replayed_pf_result
6,15,1,15,0.989295229899929,0,0,1,replayed_pf_result
6,15,1,16,1.00445116474882,0,0,1,replayed_pf_result
6,15,1,17,1.00796170478446,0,0,1,replayed_pf_result
6,15,1,18,1.00761913159982,0,0,1,replayed_pf_result
6,15,1,19,1.03862474565336,0,0,1,replayed_pf_result
6,15,1,20,0.979114410543282,0,0,1,replayed_pf_result
6,15,1,21,0.995261640094695,0,0,1,replayed_pf_result
6,15,1,22,1.00465530372461,0,0,1,replayed_pf_result
6,15,1,23,0.997449957541034,0,0,1,replayed_pf_result
6,15,1,24,1.00714256794234,0,0,1,replayed_pf_result
6,15,1,25,1.02457266866706,0,0,1,replayed_pf_result
6,15,1,26,1.02443335224231,0,0,1,replayed_pf_result
6,15,1,27,1.01096655487511,0,0,1,replayed_pf_result
6,15,1,28,1.02431304208348,0,0,1,replayed_pf_result
6,15,1,29,1.02424541838952,0,0,1,replayed_pf_result
6,15,1,30,1,0,0,1,replayed_pf_result
6,15,1,31,1,0,0,1,replayed_pf_result
6,15,1,32,1,0,0,1,replayed_pf_result
6,15,1,33,1,0,0,1,replayed_pf_result
6,15,1,34,1,0,0,1,replayed_pf_result
6,15,1,35,1,0,0,1,replayed_pf_result
6,15,1,36,1,0,0,1,replayed_pf_result
6,15,1,37,1,0,0,1,replayed_pf_result
6,15,1,38,1,0,0,1,replayed_pf_result
6,15,1,39,1,0,0,1,replayed_pf_result
6,16,1,1,1.00507078207923,0,0,1,replayed_pf_result
6,16,1,2,1.0161035167368,0,0,1,replayed_pf_result
6,16,1,3,1.01060669389732,0,0,1,replayed_pf_result
6,16,1,4,0.973640081888651,0,0,1,replayed_pf_result
6,16,1,5,0.985817792241983,0,0,1,replayed_pf_result
6,16,1,6,0.990696572280526,0,0,1,replayed_pf_result
6,16,1,7,0.978128300920979,0,0,1,replayed_pf_result
6,16,1,8,0.976478260495557,0,0,1,replayed_pf_result
6,16,1,9,1.01017938167799,0,0,1,replayed_pf_result
6,16,1,10,1.00624584113255,0,0,1,replayed_pf_result
6,16,1,11,0.999758572859936,0,0,1,replayed_pf_result
6,16,1,12,0.986097912949733,0,0,1,replayed_pf_result
6,16,1,13,0.999872102205964,0,0,1,replayed_pf_result
6,16,1,14,0.989221658938973,0,0,1,replayed_pf_result
6,16,1,15,0.989295229899929,0,0,1,replayed_pf_result
6,16,1,16,1.00445116474882,0,0,1,replayed_pf_result
6,16,1,17,1.00796170478446,0,0,1,replayed_pf_result
6,16,1,18,1.00761913159982,0,0,1,replayed_pf_result
6,16,1,19,1.03862474565336,0,0,1,replayed_pf_result
6,16,1,20,0.979114410543282,0,0,1,replayed_pf_result
6,16,1,21,0.995261640094695,0,0,1,replayed_pf_result
6,16,1,22,1.00465530372461,0,0,1,replayed_pf_result
6,16,1,23,0.997449957541034,0,0,1,replayed_pf_result
6,16,1,24,1.00714256794234,0,0,1,replayed_pf_result
6,16,1,25,1.02457266866706,0,0,1,replayed_pf_result
6,16,1,26,1.02443335224231,0,0,1,replayed_pf_result
6,16,1,27,1.01096655487511,0,0,1,replayed_pf_result
6,16,1,28,1.02431304208348,0,0,1,replayed_pf_result
6,16,1,29,1.02424541838952,0,0,1,replayed_pf_result
6,16,1,30,1,0,0,1,replayed_pf_result
6,16,1,31,1,0,0,1,replayed_pf_result
6,16,1,32,1,0,0,1,replayed_pf_result
6,16,1,33,1,0,0,1,replayed_pf_result
6,16,1,34,1,0,0,1,replayed_pf_result
6,16,1,35,1,0,0,1,replayed_pf_result
6,16,1,36,1,0,0,1,replayed_pf_result
6,16,1,37,1,0,0,1,replayed_pf_result
6,16,1,38,1,0,0,1,replayed_pf_result
6,16,1,39,1,0,0,1,replayed_pf_result
6,17,1,1,1.00507078207923,0,0,1,replayed_pf_result
6,17,1,2,1.0161035167368,0,0,1,replayed_pf_result
6,17,1,3,1.01060669389732,0,0,1,replayed_pf_result
6,17,1,4,0.973640081888651,0,0,1,replayed_pf_result
6,17,1,5,0.985817792241983,0,0,1,replayed_pf_result
6,17,1,6,0.990696572280526,0,0,1,replayed_pf_result
6,17,1,7,0.978128300920979,0,0,1,replayed_pf_result
6,17,1,8,0.976478260495557,0,0,1,replayed_pf_result
6,17,1,9,1.01017938167799,0,0,1,replayed_pf_result
6,17,1,10,1.00624584113255,0,0,1,replayed_pf_result
6,17,1,11,0.999758572859936,0,0,1,replayed_pf_result
6,17,1,12,0.986097912949733,0,0,1,replayed_pf_result
6,17,1,13,0.999872102205964,0,0,1,replayed_pf_result
6,17,1,14,0.989221658938973,0,0,1,replayed_pf_result
6,17,1,15,0.989295229899929,0,0,1,replayed_pf_result
6,17,1,16,1.00445116474882,0,0,1,replayed_pf_result
6,17,1,17,1.00796170478446,0,0,1,replayed_pf_result
6,17,1,18,1.00761913159982,0,0,1,replayed_pf_result
6,17,1,19,1.03862474565336,0,0,1,replayed_pf_result
6,17,1,20,0.979114410543282,0,0,1,replayed_pf_result
6,17,1,21,0.995261640094695,0,0,1,replayed_pf_result
6,17,1,22,1.00465530372461,0,0,1,replayed_pf_result
6,17,1,23,0.997449957541034,0,0,1,replayed_pf_result
6,17,1,24,1.00714256794234,0,0,1,replayed_pf_result
6,17,1,25,1.02457266866706,0,0,1,replayed_pf_result
6,17,1,26,1.02443335224231,0,0,1,replayed_pf_result
6,17,1,27,1.01096655487511,0,0,1,replayed_pf_result
6,17,1,28,1.02431304208348,0,0,1,replayed_pf_result
6,17,1,29,1.02424541838952,0,0,1,replayed_pf_result
6,17,1,30,1,0,0,1,replayed_pf_result
6,17,1,31,1,0,0,1,replayed_pf_result
6,17,1,32,1,0,0,1,replayed_pf_result
6,17,1,33,1,0,0,1,replayed_pf_result
6,17,1,34,1,0,0,1,replayed_pf_result
6,17,1,35,1,0,0,1,replayed_pf_result
6,17,1,36,1,0,0,1,replayed_pf_result
6,17,1,37,1,0,0,1,replayed_pf_result
6,17,1,38,1,0,0,1,replayed_pf_result
6,17,1,39,1,0,0,1,replayed_pf_result
6,18,1,1,1.00507078207923,0,0,1,replayed_pf_result
6,18,1,2,1.0161035167368,0,0,1,replayed_pf_result
6,18,1,3,1.01060669389732,0,0,1,replayed_pf_result
6,18,1,4,0.973640081888651,0,0,1,replayed_pf_result
6,18,1,5,0.985817792241983,0,0,1,replayed_pf_result
6,18,1,6,0.990696572280526,0,0,1,replayed_pf_result
6,18,1,7,0.978128300920979,0,0,1,replayed_pf_result
6,18,1,8,0.976478260495557,0,0,1,replayed_pf_result
6,18,1,9,1.01017938167799,0,0,1,replayed_pf_result
6,18,1,10,1.00624584113255,0,0,1,replayed_pf_result
6,18,1,11,0.999758572859936,0,0,1,replayed_pf_result
6,18,1,12,0.986097912949733,0,0,1,replayed_pf_result
6,18,1,13,0.999872102205964,0,0,1,replayed_pf_result
6,18,1,14,0.989221658938973,0,0,1,replayed_pf_result
6,18,1,15,0.989295229899929,0,0,1,replayed_pf_result
6,18,1,16,1.00445116474882,0,0,1,replayed_pf_result
6,18,1,17,1.00796170478446,0,0,1,replayed_pf_result
6,18,1,18,1.00761913159982,0,0,1,replayed_pf_result
6,18,1,19,1.03862474565336,0,0,1,replayed_pf_result
6,18,1,20,0.979114410543282,0,0,1,replayed_pf_result
6,18,1,21,0.995261640094695,0,0,1,replayed_pf_result
6,18,1,22,1.00465530372461,0,0,1,replayed_pf_result
6,18,1,23,0.997449957541034,0,0,1,replayed_pf_result
6,18,1,24,1.00714256794234,0,0,1,replayed_pf_result
6,18,1,25,1.02457266866706,0,0,1,replayed_pf_result
6,18,1,26,1.02443335224231,0,0,1,replayed_pf_result
6,18,1,27,1.01096655487511,0,0,1,replayed_pf_result
6,18,1,28,1.02431304208348,0,0,1,replayed_pf_result
6,18,1,29,1.02424541838952,0,0,1,replayed_pf_result
6,18,1,30,1,0,0,1,replayed_pf_result
6,18,1,31,1,0,0,1,replayed_pf_result
6,18,1,32,1,0,0,1,replayed_pf_result
6,18,1,33,1,0,0,1,replayed_pf_result
6,18,1,34,1,0,0,1,replayed_pf_result
6,18,1,35,1,0,0,1,replayed_pf_result
6,18,1,36,1,0,0,1,replayed_pf_result
6,18,1,37,1,0,0,1,replayed_pf_result
6,18,1,38,1,0,0,1,replayed_pf_result
6,18,1,39,1,0,0,1,replayed_pf_result
6,19,1,1,1.00507078207923,0,0,1,replayed_pf_result
6,19,1,2,1.0161035167368,0,0,1,replayed_pf_result
6,19,1,3,1.01060669389732,0,0,1,replayed_pf_result
6,19,1,4,0.973640081888651,0,0,1,replayed_pf_result
6,19,1,5,0.985817792241983,0,0,1,replayed_pf_result
6,19,1,6,0.990696572280526,0,0,1,replayed_pf_result
6,19,1,7,0.978128300920979,0,0,1,replayed_pf_result
6,19,1,8,0.976478260495557,0,0,1,replayed_pf_result
6,19,1,9,1.01017938167799,0,0,1,replayed_pf_result
6,19,1,10,1.00624584113255,0,0,1,replayed_pf_result
6,19,1,11,0.999758572859936,0,0,1,replayed_pf_result
6,19,1,12,0.986097912949733,0,0,1,replayed_pf_result
6,19,1,13,0.999872102205964,0,0,1,replayed_pf_result
6,19,1,14,0.989221658938973,0,0,1,replayed_pf_result
6,19,1,15,0.989295229899929,0,0,1,replayed_pf_result
6,19,1,16,1.00445116474882,0,0,1,replayed_pf_result
6,19,1,17,1.00796170478446,0,0,1,replayed_pf_result
6,19,1,18,1.00761913159982,0,0,1,replayed_pf_result
6,19,1,19,1.03862474565336,0,0,1,replayed_pf_result
6,19,1,20,0.979114410543282,0,0,1,replayed_pf_result
6,19,1,21,0.995261640094695,0,0,1,replayed_pf_result
6,19,1,22,1.00465530372461,0,0,1,replayed_pf_result
6,19,1,23,0.997449957541034,0,0,1,replayed_pf_result
6,19,1,24,1.00714256794234,0,0,1,replayed_pf_result
6,19,1,25,1.02457266866706,0,0,1,replayed_pf_result
6,19,1,26,1.02443335224231,0,0,1,replayed_pf_result
6,19,1,27,1.01096655487511,0,0,1,replayed_pf_result
6,19,1,28,1.02431304208348,0,0,1,replayed_pf_result
6,19,1,29,1.02424541838952,0,0,1,replayed_pf_result
6,19,1,30,1,0,0,1,replayed_pf_result
6,19,1,31,1,0,0,1,replayed_pf_result
6,19,1,32,1,0,0,1,replayed_pf_result
6,19,1,33,1,0,0,1,replayed_pf_result
6,19,1,34,1,0,0,1,replayed_pf_result
6,19,1,35,1,0,0,1,replayed_pf_result
6,19,1,36,1,0,0,1,replayed_pf_result
6,19,1,37,1,0,0,1,replayed_pf_result
6,19,1,38,1,0,0,1,replayed_pf_result
6,19,1,39,1,0,0,1,replayed_pf_result
6,20,1,1,1.00507078207923,0,0,1,replayed_pf_result
6,20,1,2,1.0161035167368,0,0,1,replayed_pf_result
6,20,1,3,1.01060669389732,0,0,1,replayed_pf_result
6,20,1,4,0.973640081888651,0,0,1,replayed_pf_result
6,20,1,5,0.985817792241983,0,0,1,replayed_pf_result
6,20,1,6,0.990696572280526,0,0,1,replayed_pf_result
6,20,1,7,0.978128300920979,0,0,1,replayed_pf_result
6,20,1,8,0.976478260495557,0,0,1,replayed_pf_result
6,20,1,9,1.01017938167799,0,0,1,replayed_pf_result
6,20,1,10,1.00624584113255,0,0,1,replayed_pf_result
6,20,1,11,0.999758572859936,0,0,1,replayed_pf_result
6,20,1,12,0.986097912949733,0,0,1,replayed_pf_result
6,20,1,13,0.999872102205964,0,0,1,replayed_pf_result
6,20,1,14,0.989221658938973,0,0,1,replayed_pf_result
6,20,1,15,0.989295229899929,0,0,1,replayed_pf_result
6,20,1,16,1.00445116474882,0,0,1,replayed_pf_result
6,20,1,17,1.00796170478446,0,0,1,replayed_pf_result
6,20,1,18,1.00761913159982,0,0,1,replayed_pf_result
6,20,1,19,1.03862474565336,0,0,1,replayed_pf_result
6,20,1,20,0.979114410543282,0,0,1,replayed_pf_result
6,20,1,21,0.995261640094695,0,0,1,replayed_pf_result
6,20,1,22,1.00465530372461,0,0,1,replayed_pf_result
6,20,1,23,0.997449957541034,0,0,1,replayed_pf_result
6,20,1,24,1.00714256794234,0,0,1,replayed_pf_result
6,20,1,25,1.02457266866706,0,0,1,replayed_pf_result
6,20,1,26,1.02443335224231,0,0,1,replayed_pf_result
6,20,1,27,1.01096655487511,0,0,1,replayed_pf_result
6,20,1,28,1.02431304208348,0,0,1,replayed_pf_result
6,20,1,29,1.02424541838952,0,0,1,replayed_pf_result
6,20,1,30,1,0,0,1,replayed_pf_result
6,20,1,31,1,0,0,1,replayed_pf_result
6,20,1,32,1,0,0,1,replayed_pf_result
6,20,1,33,1,0,0,1,replayed_pf_result
6,20,1,34,1,0,0,1,replayed_pf_result
6,20,1,35,1,0,0,1,replayed_pf_result
6,20,1,36,1,0,0,1,replayed_pf_result
6,20,1,37,1,0,0,1,replayed_pf_result
6,20,1,38,1,0,0,1,replayed_pf_result
6,20,1,39,1,0,0,1,replayed_pf_result
7,1,1,1,1.00339216736043,0,0,1,replayed_pf_result
7,1,1,2,1.01196400611063,0,0,1,replayed_pf_result
7,1,1,3,1.00012088280788,0,0,1,replayed_pf_result
7,1,1,4,0.98635784665537,0,0,1,replayed_pf_result
7,1,1,5,0.993533943070154,0,0,1,replayed_pf_result
7,1,1,6,0.997583018156382,0,0,1,replayed_pf_result
7,1,1,7,0.98502542761925,0,0,1,replayed_pf_result
7,1,1,8,0.98333076513821,0,0,1,replayed_pf_result
7,1,1,9,1.01302958006516,0,0,1,replayed_pf_result
7,1,1,10,1.01187404932746,0,0,1,replayed_pf_result
7,1,1,11,1.00583663428457,0,0,1,replayed_pf_result
7,1,1,12,0.992412652588192,0,0,1,replayed_pf_result
7,1,1,13,1.00609887422399,0,0,1,replayed_pf_result
7,1,1,14,0.996827340536751,0,0,1,replayed_pf_result
7,1,1,15,0.991157222135947,0,0,1,replayed_pf_result
7,1,1,16,1.0037837909217,0,0,1,replayed_pf_result
7,1,1,17,1.00450039256482,0,0,1,replayed_pf_result
7,1,1,18,1.00139969327752,0,0,1,replayed_pf_result
7,1,1,19,1.03837936971455,0,0,1,replayed_pf_result
7,1,1,20,0.978980446141779,0,0,1,replayed_pf_result
7,1,1,21,0.994791090783446,0,0,1,replayed_pf_result
7,1,1,22,1.0044030516389,0,0,1,replayed_pf_result
7,1,1,23,0.997188691708053,0,0,1,replayed_pf_result
7,1,1,24,1.00653418620957,0,0,1,replayed_pf_result
7,1,1,25,1.0213874531301,0,0,1,replayed_pf_result
7,1,1,26,1.02179252118741,0,0,1,replayed_pf_result
7,1,1,27,1.00790238944426,0,0,1,replayed_pf_result
7,1,1,28,1.0229510702651,0,0,1,replayed_pf_result
7,1,1,29,1.02331208715171,0,0,1,replayed_pf_result
7,1,1,30,1,0,0,1,replayed_pf_result
7,1,1,31,1,0,0,1,replayed_pf_result
7,1,1,32,1,0,0,1,replayed_pf_result
7,1,1,33,1,0,0,1,replayed_pf_result
7,1,1,34,1,0,0,1,replayed_pf_result
7,1,1,35,1,0,0,1,replayed_pf_result
7,1,1,36,1,0,0,1,replayed_pf_result
7,1,1,37,1,0,0,1,replayed_pf_result
7,1,1,38,1,0,0,1,replayed_pf_result
7,1,1,39,1,0,0,1,replayed_pf_result
7,2,1,1,1.00339216736043,0,0,1,replayed_pf_result
7,2,1,2,1.01196400611063,0,0,1,replayed_pf_result
7,2,1,3,1.00012088280788,0,0,1,replayed_pf_result
7,2,1,4,0.98635784665537,0,0,1,replayed_pf_result
7,2,1,5,0.993533943070154,0,0,1,replayed_pf_result
7,2,1,6,0.997583018156382,0,0,1,replayed_pf_result
7,2,1,7,0.98502542761925,0,0,1,replayed_pf_result
7,2,1,8,0.98333076513821,0,0,1,replayed_pf_result
7,2,1,9,1.01302958006516,0,0,1,replayed_pf_result
7,2,1,10,1.01187404932746,0,0,1,replayed_pf_result
7,2,1,11,1.00583663428457,0,0,1,replayed_pf_result
7,2,1,12,0.992412652588192,0,0,1,replayed_pf_result
7,2,1,13,1.00609887422399,0,0,1,replayed_pf_result
7,2,1,14,0.996827340536751,0,0,1,replayed_pf_result
7,2,1,15,0.991157222135947,0,0,1,replayed_pf_result
7,2,1,16,1.0037837909217,0,0,1,replayed_pf_result
7,2,1,17,1.00450039256482,0,0,1,replayed_pf_result
7,2,1,18,1.00139969327752,0,0,1,replayed_pf_result
7,2,1,19,1.03837936971455,0,0,1,replayed_pf_result
7,2,1,20,0.978980446141779,0,0,1,replayed_pf_result
7,2,1,21,0.994791090783446,0,0,1,replayed_pf_result
7,2,1,22,1.0044030516389,0,0,1,replayed_pf_result
7,2,1,23,0.997188691708053,0,0,1,replayed_pf_result
7,2,1,24,1.00653418620957,0,0,1,replayed_pf_result
7,2,1,25,1.0213874531301,0,0,1,replayed_pf_result
7,2,1,26,1.02179252118741,0,0,1,replayed_pf_result
7,2,1,27,1.00790238944426,0,0,1,replayed_pf_result
7,2,1,28,1.0229510702651,0,0,1,replayed_pf_result
7,2,1,29,1.02331208715171,0,0,1,replayed_pf_result
7,2,1,30,1,0,0,1,replayed_pf_result
7,2,1,31,1,0,0,1,replayed_pf_result
7,2,1,32,1,0,0,1,replayed_pf_result
7,2,1,33,1,0,0,1,replayed_pf_result
7,2,1,34,1,0,0,1,replayed_pf_result
7,2,1,35,1,0,0,1,replayed_pf_result
7,2,1,36,1,0,0,1,replayed_pf_result
7,2,1,37,1,0,0,1,replayed_pf_result
7,2,1,38,1,0,0,1,replayed_pf_result
7,2,1,39,1,0,0,1,replayed_pf_result
7,3,1,1,1.00339216736043,0,0,1,replayed_pf_result
7,3,1,2,1.01196400611063,0,0,1,replayed_pf_result
7,3,1,3,1.00012088280788,0,0,1,replayed_pf_result
7,3,1,4,0.98635784665537,0,0,1,replayed_pf_result
7,3,1,5,0.993533943070154,0,0,1,replayed_pf_result
7,3,1,6,0.997583018156382,0,0,1,replayed_pf_result
7,3,1,7,0.98502542761925,0,0,1,replayed_pf_result
7,3,1,8,0.98333076513821,0,0,1,replayed_pf_result
7,3,1,9,1.01302958006516,0,0,1,replayed_pf_result
7,3,1,10,1.01187404932746,0,0,1,replayed_pf_result
7,3,1,11,1.00583663428457,0,0,1,replayed_pf_result
7,3,1,12,0.992412652588192,0,0,1,replayed_pf_result
7,3,1,13,1.00609887422399,0,0,1,replayed_pf_result
7,3,1,14,0.996827340536751,0,0,1,replayed_pf_result
7,3,1,15,0.991157222135947,0,0,1,replayed_pf_result
7,3,1,16,1.0037837909217,0,0,1,replayed_pf_result
7,3,1,17,1.00450039256482,0,0,1,replayed_pf_result
7,3,1,18,1.00139969327752,0,0,1,replayed_pf_result
7,3,1,19,1.03837936971455,0,0,1,replayed_pf_result
7,3,1,20,0.978980446141779,0,0,1,replayed_pf_result
7,3,1,21,0.994791090783446,0,0,1,replayed_pf_result
7,3,1,22,1.0044030516389,0,0,1,replayed_pf_result
7,3,1,23,0.997188691708053,0,0,1,replayed_pf_result
7,3,1,24,1.00653418620957,0,0,1,replayed_pf_result
7,3,1,25,1.0213874531301,0,0,1,replayed_pf_result
7,3,1,26,1.02179252118741,0,0,1,replayed_pf_result
7,3,1,27,1.00790238944426,0,0,1,replayed_pf_result
7,3,1,28,1.0229510702651,0,0,1,replayed_pf_result
7,3,1,29,1.02331208715171,0,0,1,replayed_pf_result
7,3,1,30,1,0,0,1,replayed_pf_result
7,3,1,31,1,0,0,1,replayed_pf_result
7,3,1,32,1,0,0,1,replayed_pf_result
7,3,1,33,1,0,0,1,replayed_pf_result
7,3,1,34,1,0,0,1,replayed_pf_result
7,3,1,35,1,0,0,1,replayed_pf_result
7,3,1,36,1,0,0,1,replayed_pf_result
7,3,1,37,1,0,0,1,replayed_pf_result
7,3,1,38,1,0,0,1,replayed_pf_result
7,3,1,39,1,0,0,1,replayed_pf_result
7,4,1,1,1.00339216736043,0,0,1,replayed_pf_result
7,4,1,2,1.01196400611063,0,0,1,replayed_pf_result
7,4,1,3,1.00012088280788,0,0,1,replayed_pf_result
7,4,1,4,0.98635784665537,0,0,1,replayed_pf_result
7,4,1,5,0.993533943070154,0,0,1,replayed_pf_result
7,4,1,6,0.997583018156382,0,0,1,replayed_pf_result
7,4,1,7,0.98502542761925,0,0,1,replayed_pf_result
7,4,1,8,0.98333076513821,0,0,1,replayed_pf_result
7,4,1,9,1.01302958006516,0,0,1,replayed_pf_result
7,4,1,10,1.01187404932746,0,0,1,replayed_pf_result
7,4,1,11,1.00583663428457,0,0,1,replayed_pf_result
7,4,1,12,0.992412652588192,0,0,1,replayed_pf_result
7,4,1,13,1.00609887422399,0,0,1,replayed_pf_result
7,4,1,14,0.996827340536751,0,0,1,replayed_pf_result
7,4,1,15,0.991157222135947,0,0,1,replayed_pf_result
7,4,1,16,1.0037837909217,0,0,1,replayed_pf_result
7,4,1,17,1.00450039256482,0,0,1,replayed_pf_result
7,4,1,18,1.00139969327752,0,0,1,replayed_pf_result
7,4,1,19,1.03837936971455,0,0,1,replayed_pf_result
7,4,1,20,0.978980446141779,0,0,1,replayed_pf_result
7,4,1,21,0.994791090783446,0,0,1,replayed_pf_result
7,4,1,22,1.0044030516389,0,0,1,replayed_pf_result
7,4,1,23,0.997188691708053,0,0,1,replayed_pf_result
7,4,1,24,1.00653418620957,0,0,1,replayed_pf_result
7,4,1,25,1.0213874531301,0,0,1,replayed_pf_result
7,4,1,26,1.02179252118741,0,0,1,replayed_pf_result
7,4,1,27,1.00790238944426,0,0,1,replayed_pf_result
7,4,1,28,1.0229510702651,0,0,1,replayed_pf_result
7,4,1,29,1.02331208715171,0,0,1,replayed_pf_result
7,4,1,30,1,0,0,1,replayed_pf_result
7,4,1,31,1,0,0,1,replayed_pf_result
7,4,1,32,1,0,0,1,replayed_pf_result
7,4,1,33,1,0,0,1,replayed_pf_result
7,4,1,34,1,0,0,1,replayed_pf_result
7,4,1,35,1,0,0,1,replayed_pf_result
7,4,1,36,1,0,0,1,replayed_pf_result
7,4,1,37,1,0,0,1,replayed_pf_result
7,4,1,38,1,0,0,1,replayed_pf_result
7,4,1,39,1,0,0,1,replayed_pf_result
7,5,1,1,1.00339216736043,0,0,1,replayed_pf_result
7,5,1,2,1.01196400611063,0,0,1,replayed_pf_result
7,5,1,3,1.00012088280788,0,0,1,replayed_pf_result
7,5,1,4,0.98635784665537,0,0,1,replayed_pf_result
7,5,1,5,0.993533943070154,0,0,1,replayed_pf_result
7,5,1,6,0.997583018156382,0,0,1,replayed_pf_result
7,5,1,7,0.98502542761925,0,0,1,replayed_pf_result
7,5,1,8,0.98333076513821,0,0,1,replayed_pf_result
7,5,1,9,1.01302958006516,0,0,1,replayed_pf_result
7,5,1,10,1.01187404932746,0,0,1,replayed_pf_result
7,5,1,11,1.00583663428457,0,0,1,replayed_pf_result
7,5,1,12,0.992412652588192,0,0,1,replayed_pf_result
7,5,1,13,1.00609887422399,0,0,1,replayed_pf_result
7,5,1,14,0.996827340536751,0,0,1,replayed_pf_result
7,5,1,15,0.991157222135947,0,0,1,replayed_pf_result
7,5,1,16,1.0037837909217,0,0,1,replayed_pf_result
7,5,1,17,1.00450039256482,0,0,1,replayed_pf_result
7,5,1,18,1.00139969327752,0,0,1,replayed_pf_result
7,5,1,19,1.03837936971455,0,0,1,replayed_pf_result
7,5,1,20,0.978980446141779,0,0,1,replayed_pf_result
7,5,1,21,0.994791090783446,0,0,1,replayed_pf_result
7,5,1,22,1.0044030516389,0,0,1,replayed_pf_result
7,5,1,23,0.997188691708053,0,0,1,replayed_pf_result
7,5,1,24,1.00653418620957,0,0,1,replayed_pf_result
7,5,1,25,1.0213874531301,0,0,1,replayed_pf_result
7,5,1,26,1.02179252118741,0,0,1,replayed_pf_result
7,5,1,27,1.00790238944426,0,0,1,replayed_pf_result
7,5,1,28,1.0229510702651,0,0,1,replayed_pf_result
7,5,1,29,1.02331208715171,0,0,1,replayed_pf_result
7,5,1,30,1,0,0,1,replayed_pf_result
7,5,1,31,1,0,0,1,replayed_pf_result
7,5,1,32,1,0,0,1,replayed_pf_result
7,5,1,33,1,0,0,1,replayed_pf_result
7,5,1,34,1,0,0,1,replayed_pf_result
7,5,1,35,1,0,0,1,replayed_pf_result
7,5,1,36,1,0,0,1,replayed_pf_result
7,5,1,37,1,0,0,1,replayed_pf_result
7,5,1,38,1,0,0,1,replayed_pf_result
7,5,1,39,1,0,0,1,replayed_pf_result
7,6,1,1,1.00339216736043,0,0,1,replayed_pf_result
7,6,1,2,1.01196400611063,0,0,1,replayed_pf_result
7,6,1,3,1.00012088280788,0,0,1,replayed_pf_result
7,6,1,4,0.98635784665537,0,0,1,replayed_pf_result
7,6,1,5,0.993533943070154,0,0,1,replayed_pf_result
7,6,1,6,0.997583018156382,0,0,1,replayed_pf_result
7,6,1,7,0.98502542761925,0,0,1,replayed_pf_result
7,6,1,8,0.98333076513821,0,0,1,replayed_pf_result
7,6,1,9,1.01302958006516,0,0,1,replayed_pf_result
7,6,1,10,1.01187404932746,0,0,1,replayed_pf_result
7,6,1,11,1.00583663428457,0,0,1,replayed_pf_result
7,6,1,12,0.992412652588192,0,0,1,replayed_pf_result
7,6,1,13,1.00609887422399,0,0,1,replayed_pf_result
7,6,1,14,0.996827340536751,0,0,1,replayed_pf_result
7,6,1,15,0.991157222135947,0,0,1,replayed_pf_result
7,6,1,16,1.0037837909217,0,0,1,replayed_pf_result
7,6,1,17,1.00450039256482,0,0,1,replayed_pf_result
7,6,1,18,1.00139969327752,0,0,1,replayed_pf_result
7,6,1,19,1.03837936971455,0,0,1,replayed_pf_result
7,6,1,20,0.978980446141779,0,0,1,replayed_pf_result
7,6,1,21,0.994791090783446,0,0,1,replayed_pf_result
7,6,1,22,1.0044030516389,0,0,1,replayed_pf_result
7,6,1,23,0.997188691708053,0,0,1,replayed_pf_result
7,6,1,24,1.00653418620957,0,0,1,replayed_pf_result
7,6,1,25,1.0213874531301,0,0,1,replayed_pf_result
7,6,1,26,1.02179252118741,0,0,1,replayed_pf_result
7,6,1,27,1.00790238944426,0,0,1,replayed_pf_result
7,6,1,28,1.0229510702651,0,0,1,replayed_pf_result
7,6,1,29,1.02331208715171,0,0,1,replayed_pf_result
7,6,1,30,1,0,0,1,replayed_pf_result
7,6,1,31,1,0,0,1,replayed_pf_result
7,6,1,32,1,0,0,1,replayed_pf_result
7,6,1,33,1,0,0,1,replayed_pf_result
7,6,1,34,1,0,0,1,replayed_pf_result
7,6,1,35,1,0,0,1,replayed_pf_result
7,6,1,36,1,0,0,1,replayed_pf_result
7,6,1,37,1,0,0,1,replayed_pf_result
7,6,1,38,1,0,0,1,replayed_pf_result
7,6,1,39,1,0,0,1,replayed_pf_result
7,7,1,1,1.00339216736043,0,0,1,replayed_pf_result
7,7,1,2,1.01196400611063,0,0,1,replayed_pf_result
7,7,1,3,1.00012088280788,0,0,1,replayed_pf_result
7,7,1,4,0.98635784665537,0,0,1,replayed_pf_result
7,7,1,5,0.993533943070154,0,0,1,replayed_pf_result
7,7,1,6,0.997583018156382,0,0,1,replayed_pf_result
7,7,1,7,0.98502542761925,0,0,1,replayed_pf_result
7,7,1,8,0.98333076513821,0,0,1,replayed_pf_result
7,7,1,9,1.01302958006516,0,0,1,replayed_pf_result
7,7,1,10,1.01187404932746,0,0,1,replayed_pf_result
7,7,1,11,1.00583663428457,0,0,1,replayed_pf_result
7,7,1,12,0.992412652588192,0,0,1,replayed_pf_result
7,7,1,13,1.00609887422399,0,0,1,replayed_pf_result
7,7,1,14,0.996827340536751,0,0,1,replayed_pf_result
7,7,1,15,0.991157222135947,0,0,1,replayed_pf_result
7,7,1,16,1.0037837909217,0,0,1,replayed_pf_result
7,7,1,17,1.00450039256482,0,0,1,replayed_pf_result
7,7,1,18,1.00139969327752,0,0,1,replayed_pf_result
7,7,1,19,1.03837936971455,0,0,1,replayed_pf_result
7,7,1,20,0.978980446141779,0,0,1,replayed_pf_result
7,7,1,21,0.994791090783446,0,0,1,replayed_pf_result
7,7,1,22,1.0044030516389,0,0,1,replayed_pf_result
7,7,1,23,0.997188691708053,0,0,1,replayed_pf_result
7,7,1,24,1.00653418620957,0,0,1,replayed_pf_result
7,7,1,25,1.0213874531301,0,0,1,replayed_pf_result
7,7,1,26,1.02179252118741,0,0,1,replayed_pf_result
7,7,1,27,1.00790238944426,0,0,1,replayed_pf_result
7,7,1,28,1.0229510702651,0,0,1,replayed_pf_result
7,7,1,29,1.02331208715171,0,0,1,replayed_pf_result
7,7,1,30,1,0,0,1,replayed_pf_result
7,7,1,31,1,0,0,1,replayed_pf_result
7,7,1,32,1,0,0,1,replayed_pf_result
7,7,1,33,1,0,0,1,replayed_pf_result
7,7,1,34,1,0,0,1,replayed_pf_result
7,7,1,35,1,0,0,1,replayed_pf_result
7,7,1,36,1,0,0,1,replayed_pf_result
7,7,1,37,1,0,0,1,replayed_pf_result
7,7,1,38,1,0,0,1,replayed_pf_result
7,7,1,39,1,0,0,1,replayed_pf_result
7,8,1,1,1.00339216736043,0,0,1,replayed_pf_result
7,8,1,2,1.01196400611063,0,0,1,replayed_pf_result
7,8,1,3,1.00012088280788,0,0,1,replayed_pf_result
7,8,1,4,0.98635784665537,0,0,1,replayed_pf_result
7,8,1,5,0.993533943070154,0,0,1,replayed_pf_result
7,8,1,6,0.997583018156382,0,0,1,replayed_pf_result
7,8,1,7,0.98502542761925,0,0,1,replayed_pf_result
7,8,1,8,0.98333076513821,0,0,1,replayed_pf_result
7,8,1,9,1.01302958006516,0,0,1,replayed_pf_result
7,8,1,10,1.01187404932746,0,0,1,replayed_pf_result
7,8,1,11,1.00583663428457,0,0,1,replayed_pf_result
7,8,1,12,0.992412652588192,0,0,1,replayed_pf_result
7,8,1,13,1.00609887422399,0,0,1,replayed_pf_result
7,8,1,14,0.996827340536751,0,0,1,replayed_pf_result
7,8,1,15,0.991157222135947,0,0,1,replayed_pf_result
7,8,1,16,1.0037837909217,0,0,1,replayed_pf_result
7,8,1,17,1.00450039256482,0,0,1,replayed_pf_result
7,8,1,18,1.00139969327752,0,0,1,replayed_pf_result
7,8,1,19,1.03837936971455,0,0,1,replayed_pf_result
7,8,1,20,0.978980446141779,0,0,1,replayed_pf_result
7,8,1,21,0.994791090783446,0,0,1,replayed_pf_result
7,8,1,22,1.0044030516389,0,0,1,replayed_pf_result
7,8,1,23,0.997188691708053,0,0,1,replayed_pf_result
7,8,1,24,1.00653418620957,0,0,1,replayed_pf_result
7,8,1,25,1.0213874531301,0,0,1,replayed_pf_result
7,8,1,26,1.02179252118741,0,0,1,replayed_pf_result
7,8,1,27,1.00790238944426,0,0,1,replayed_pf_result
7,8,1,28,1.0229510702651,0,0,1,replayed_pf_result
7,8,1,29,1.02331208715171,0,0,1,replayed_pf_result
7,8,1,30,1,0,0,1,replayed_pf_result
7,8,1,31,1,0,0,1,replayed_pf_result
7,8,1,32,1,0,0,1,replayed_pf_result
7,8,1,33,1,0,0,1,replayed_pf_result
7,8,1,34,1,0,0,1,replayed_pf_result
7,8,1,35,1,0,0,1,replayed_pf_result
7,8,1,36,1,0,0,1,replayed_pf_result
7,8,1,37,1,0,0,1,replayed_pf_result
7,8,1,38,1,0,0,1,replayed_pf_result
7,8,1,39,1,0,0,1,replayed_pf_result
7,9,1,1,1.00339216736043,0,0,1,replayed_pf_result
7,9,1,2,1.01196400611063,0,0,1,replayed_pf_result
7,9,1,3,1.00012088280788,0,0,1,replayed_pf_result
7,9,1,4,0.98635784665537,0,0,1,replayed_pf_result
7,9,1,5,0.993533943070154,0,0,1,replayed_pf_result
7,9,1,6,0.997583018156382,0,0,1,replayed_pf_result
7,9,1,7,0.98502542761925,0,0,1,replayed_pf_result
7,9,1,8,0.98333076513821,0,0,1,replayed_pf_result
7,9,1,9,1.01302958006516,0,0,1,replayed_pf_result
7,9,1,10,1.01187404932746,0,0,1,replayed_pf_result
7,9,1,11,1.00583663428457,0,0,1,replayed_pf_result
7,9,1,12,0.992412652588192,0,0,1,replayed_pf_result
7,9,1,13,1.00609887422399,0,0,1,replayed_pf_result
7,9,1,14,0.996827340536751,0,0,1,replayed_pf_result
7,9,1,15,0.991157222135947,0,0,1,replayed_pf_result
7,9,1,16,1.0037837909217,0,0,1,replayed_pf_result
7,9,1,17,1.00450039256482,0,0,1,replayed_pf_result
7,9,1,18,1.00139969327752,0,0,1,replayed_pf_result
7,9,1,19,1.03837936971455,0,0,1,replayed_pf_result
7,9,1,20,0.978980446141779,0,0,1,replayed_pf_result
7,9,1,21,0.994791090783446,0,0,1,replayed_pf_result
7,9,1,22,1.0044030516389,0,0,1,replayed_pf_result
7,9,1,23,0.997188691708053,0,0,1,replayed_pf_result
7,9,1,24,1.00653418620957,0,0,1,replayed_pf_result
7,9,1,25,1.0213874531301,0,0,1,replayed_pf_result
7,9,1,26,1.02179252118741,0,0,1,replayed_pf_result
7,9,1,27,1.00790238944426,0,0,1,replayed_pf_result
7,9,1,28,1.0229510702651,0,0,1,replayed_pf_result
7,9,1,29,1.02331208715171,0,0,1,replayed_pf_result
7,9,1,30,1,0,0,1,replayed_pf_result
7,9,1,31,1,0,0,1,replayed_pf_result
7,9,1,32,1,0,0,1,replayed_pf_result
7,9,1,33,1,0,0,1,replayed_pf_result
7,9,1,34,1,0,0,1,replayed_pf_result
7,9,1,35,1,0,0,1,replayed_pf_result
7,9,1,36,1,0,0,1,replayed_pf_result
7,9,1,37,1,0,0,1,replayed_pf_result
7,9,1,38,1,0,0,1,replayed_pf_result
7,9,1,39,1,0,0,1,replayed_pf_result
7,10,1,1,1.00339216736043,0,0,1,replayed_pf_result
7,10,1,2,1.01196400611063,0,0,1,replayed_pf_result
7,10,1,3,1.00012088280788,0,0,1,replayed_pf_result
7,10,1,4,0.98635784665537,0,0,1,replayed_pf_result
7,10,1,5,0.993533943070154,0,0,1,replayed_pf_result
7,10,1,6,0.997583018156382,0,0,1,replayed_pf_result
7,10,1,7,0.98502542761925,0,0,1,replayed_pf_result
7,10,1,8,0.98333076513821,0,0,1,replayed_pf_result
7,10,1,9,1.01302958006516,0,0,1,replayed_pf_result
7,10,1,10,1.01187404932746,0,0,1,replayed_pf_result
7,10,1,11,1.00583663428457,0,0,1,replayed_pf_result
7,10,1,12,0.992412652588192,0,0,1,replayed_pf_result
7,10,1,13,1.00609887422399,0,0,1,replayed_pf_result
7,10,1,14,0.996827340536751,0,0,1,replayed_pf_result
7,10,1,15,0.991157222135947,0,0,1,replayed_pf_result
7,10,1,16,1.0037837909217,0,0,1,replayed_pf_result
7,10,1,17,1.00450039256482,0,0,1,replayed_pf_result
7,10,1,18,1.00139969327752,0,0,1,replayed_pf_result
7,10,1,19,1.03837936971455,0,0,1,replayed_pf_result
7,10,1,20,0.978980446141779,0,0,1,replayed_pf_result
7,10,1,21,0.994791090783446,0,0,1,replayed_pf_result
7,10,1,22,1.0044030516389,0,0,1,replayed_pf_result
7,10,1,23,0.997188691708053,0,0,1,replayed_pf_result
7,10,1,24,1.00653418620957,0,0,1,replayed_pf_result
7,10,1,25,1.0213874531301,0,0,1,replayed_pf_result
7,10,1,26,1.02179252118741,0,0,1,replayed_pf_result
7,10,1,27,1.00790238944426,0,0,1,replayed_pf_result
7,10,1,28,1.0229510702651,0,0,1,replayed_pf_result
7,10,1,29,1.02331208715171,0,0,1,replayed_pf_result
7,10,1,30,1,0,0,1,replayed_pf_result
7,10,1,31,1,0,0,1,replayed_pf_result
7,10,1,32,1,0,0,1,replayed_pf_result
7,10,1,33,1,0,0,1,replayed_pf_result
7,10,1,34,1,0,0,1,replayed_pf_result
7,10,1,35,1,0,0,1,replayed_pf_result
7,10,1,36,1,0,0,1,replayed_pf_result
7,10,1,37,1,0,0,1,replayed_pf_result
7,10,1,38,1,0,0,1,replayed_pf_result
7,10,1,39,1,0,0,1,replayed_pf_result
7,11,1,1,1.00339216736043,0,0,1,replayed_pf_result
7,11,1,2,1.01196400611063,0,0,1,replayed_pf_result
7,11,1,3,1.00012088280788,0,0,1,replayed_pf_result
7,11,1,4,0.98635784665537,0,0,1,replayed_pf_result
7,11,1,5,0.993533943070154,0,0,1,replayed_pf_result
7,11,1,6,0.997583018156382,0,0,1,replayed_pf_result
7,11,1,7,0.98502542761925,0,0,1,replayed_pf_result
7,11,1,8,0.98333076513821,0,0,1,replayed_pf_result
7,11,1,9,1.01302958006516,0,0,1,replayed_pf_result
7,11,1,10,1.01187404932746,0,0,1,replayed_pf_result
7,11,1,11,1.00583663428457,0,0,1,replayed_pf_result
7,11,1,12,0.992412652588192,0,0,1,replayed_pf_result
7,11,1,13,1.00609887422399,0,0,1,replayed_pf_result
7,11,1,14,0.996827340536751,0,0,1,replayed_pf_result
7,11,1,15,0.991157222135947,0,0,1,replayed_pf_result
7,11,1,16,1.0037837909217,0,0,1,replayed_pf_result
7,11,1,17,1.00450039256482,0,0,1,replayed_pf_result
7,11,1,18,1.00139969327752,0,0,1,replayed_pf_result
7,11,1,19,1.03837936971455,0,0,1,replayed_pf_result
7,11,1,20,0.978980446141779,0,0,1,replayed_pf_result
7,11,1,21,0.994791090783446,0,0,1,replayed_pf_result
7,11,1,22,1.0044030516389,0,0,1,replayed_pf_result
7,11,1,23,0.997188691708053,0,0,1,replayed_pf_result
7,11,1,24,1.00653418620957,0,0,1,replayed_pf_result
7,11,1,25,1.0213874531301,0,0,1,replayed_pf_result
7,11,1,26,1.02179252118741,0,0,1,replayed_pf_result
7,11,1,27,1.00790238944426,0,0,1,replayed_pf_result
7,11,1,28,1.0229510702651,0,0,1,replayed_pf_result
7,11,1,29,1.02331208715171,0,0,1,replayed_pf_result
7,11,1,30,1,0,0,1,replayed_pf_result
7,11,1,31,1,0,0,1,replayed_pf_result
7,11,1,32,1,0,0,1,replayed_pf_result
7,11,1,33,1,0,0,1,replayed_pf_result
7,11,1,34,1,0,0,1,replayed_pf_result
7,11,1,35,1,0,0,1,replayed_pf_result
7,11,1,36,1,0,0,1,replayed_pf_result
7,11,1,37,1,0,0,1,replayed_pf_result
7,11,1,38,1,0,0,1,replayed_pf_result
7,11,1,39,1,0,0,1,replayed_pf_result
7,12,1,1,1.00339216736043,0,0,1,replayed_pf_result
7,12,1,2,1.01196400611063,0,0,1,replayed_pf_result
7,12,1,3,1.00012088280788,0,0,1,replayed_pf_result
7,12,1,4,0.98635784665537,0,0,1,replayed_pf_result
7,12,1,5,0.993533943070154,0,0,1,replayed_pf_result
7,12,1,6,0.997583018156382,0,0,1,replayed_pf_result
7,12,1,7,0.98502542761925,0,0,1,replayed_pf_result
7,12,1,8,0.98333076513821,0,0,1,replayed_pf_result
7,12,1,9,1.01302958006516,0,0,1,replayed_pf_result
7,12,1,10,1.01187404932746,0,0,1,replayed_pf_result
7,12,1,11,1.00583663428457,0,0,1,replayed_pf_result
7,12,1,12,0.992412652588192,0,0,1,replayed_pf_result
7,12,1,13,1.00609887422399,0,0,1,replayed_pf_result
7,12,1,14,0.996827340536751,0,0,1,replayed_pf_result
7,12,1,15,0.991157222135947,0,0,1,replayed_pf_result
7,12,1,16,1.0037837909217,0,0,1,replayed_pf_result
7,12,1,17,1.00450039256482,0,0,1,replayed_pf_result
7,12,1,18,1.00139969327752,0,0,1,replayed_pf_result
7,12,1,19,1.03837936971455,0,0,1,replayed_pf_result
7,12,1,20,0.978980446141779,0,0,1,replayed_pf_result
7,12,1,21,0.994791090783446,0,0,1,replayed_pf_result
7,12,1,22,1.0044030516389,0,0,1,replayed_pf_result
7,12,1,23,0.997188691708053,0,0,1,replayed_pf_result
7,12,1,24,1.00653418620957,0,0,1,replayed_pf_result
7,12,1,25,1.0213874531301,0,0,1,replayed_pf_result
7,12,1,26,1.02179252118741,0,0,1,replayed_pf_result
7,12,1,27,1.00790238944426,0,0,1,replayed_pf_result
7,12,1,28,1.0229510702651,0,0,1,replayed_pf_result
7,12,1,29,1.02331208715171,0,0,1,replayed_pf_result
7,12,1,30,1,0,0,1,replayed_pf_result
7,12,1,31,1,0,0,1,replayed_pf_result
7,12,1,32,1,0,0,1,replayed_pf_result
7,12,1,33,1,0,0,1,replayed_pf_result
7,12,1,34,1,0,0,1,replayed_pf_result
7,12,1,35,1,0,0,1,replayed_pf_result
7,12,1,36,1,0,0,1,replayed_pf_result
7,12,1,37,1,0,0,1,replayed_pf_result
7,12,1,38,1,0,0,1,replayed_pf_result
7,12,1,39,1,0,0,1,replayed_pf_result
7,13,1,1,1.00339216736043,0,0,1,replayed_pf_result
7,13,1,2,1.01196400611063,0,0,1,replayed_pf_result
7,13,1,3,1.00012088280788,0,0,1,replayed_pf_result
7,13,1,4,0.98635784665537,0,0,1,replayed_pf_result
7,13,1,5,0.993533943070154,0,0,1,replayed_pf_result
7,13,1,6,0.997583018156382,0,0,1,replayed_pf_result
7,13,1,7,0.98502542761925,0,0,1,replayed_pf_result
7,13,1,8,0.98333076513821,0,0,1,replayed_pf_result
7,13,1,9,1.01302958006516,0,0,1,replayed_pf_result
7,13,1,10,1.01187404932746,0,0,1,replayed_pf_result
7,13,1,11,1.00583663428457,0,0,1,replayed_pf_result
7,13,1,12,0.992412652588192,0,0,1,replayed_pf_result
7,13,1,13,1.00609887422399,0,0,1,replayed_pf_result
7,13,1,14,0.996827340536751,0,0,1,replayed_pf_result
7,13,1,15,0.991157222135947,0,0,1,replayed_pf_result
7,13,1,16,1.0037837909217,0,0,1,replayed_pf_result
7,13,1,17,1.00450039256482,0,0,1,replayed_pf_result
7,13,1,18,1.00139969327752,0,0,1,replayed_pf_result
7,13,1,19,1.03837936971455,0,0,1,replayed_pf_result
7,13,1,20,0.978980446141779,0,0,1,replayed_pf_result
7,13,1,21,0.994791090783446,0,0,1,replayed_pf_result
7,13,1,22,1.0044030516389,0,0,1,replayed_pf_result
7,13,1,23,0.997188691708053,0,0,1,replayed_pf_result
7,13,1,24,1.00653418620957,0,0,1,replayed_pf_result
7,13,1,25,1.0213874531301,0,0,1,replayed_pf_result
7,13,1,26,1.02179252118741,0,0,1,replayed_pf_result
7,13,1,27,1.00790238944426,0,0,1,replayed_pf_result
7,13,1,28,1.0229510702651,0,0,1,replayed_pf_result
7,13,1,29,1.02331208715171,0,0,1,replayed_pf_result
7,13,1,30,1,0,0,1,replayed_pf_result
7,13,1,31,1,0,0,1,replayed_pf_result
7,13,1,32,1,0,0,1,replayed_pf_result
7,13,1,33,1,0,0,1,replayed_pf_result
7,13,1,34,1,0,0,1,replayed_pf_result
7,13,1,35,1,0,0,1,replayed_pf_result
7,13,1,36,1,0,0,1,replayed_pf_result
7,13,1,37,1,0,0,1,replayed_pf_result
7,13,1,38,1,0,0,1,replayed_pf_result
7,13,1,39,1,0,0,1,replayed_pf_result
7,14,1,1,1.00339216736043,0,0,1,replayed_pf_result
7,14,1,2,1.01196400611063,0,0,1,replayed_pf_result
7,14,1,3,1.00012088280788,0,0,1,replayed_pf_result
7,14,1,4,0.98635784665537,0,0,1,replayed_pf_result
7,14,1,5,0.993533943070154,0,0,1,replayed_pf_result
7,14,1,6,0.997583018156382,0,0,1,replayed_pf_result
7,14,1,7,0.98502542761925,0,0,1,replayed_pf_result
7,14,1,8,0.98333076513821,0,0,1,replayed_pf_result
7,14,1,9,1.01302958006516,0,0,1,replayed_pf_result
7,14,1,10,1.01187404932746,0,0,1,replayed_pf_result
7,14,1,11,1.00583663428457,0,0,1,replayed_pf_result
7,14,1,12,0.992412652588192,0,0,1,replayed_pf_result
7,14,1,13,1.00609887422399,0,0,1,replayed_pf_result
7,14,1,14,0.996827340536751,0,0,1,replayed_pf_result
7,14,1,15,0.991157222135947,0,0,1,replayed_pf_result
7,14,1,16,1.0037837909217,0,0,1,replayed_pf_result
7,14,1,17,1.00450039256482,0,0,1,replayed_pf_result
7,14,1,18,1.00139969327752,0,0,1,replayed_pf_result
7,14,1,19,1.03837936971455,0,0,1,replayed_pf_result
7,14,1,20,0.978980446141779,0,0,1,replayed_pf_result
7,14,1,21,0.994791090783446,0,0,1,replayed_pf_result
7,14,1,22,1.0044030516389,0,0,1,replayed_pf_result
7,14,1,23,0.997188691708053,0,0,1,replayed_pf_result
7,14,1,24,1.00653418620957,0,0,1,replayed_pf_result
7,14,1,25,1.0213874531301,0,0,1,replayed_pf_result
7,14,1,26,1.02179252118741,0,0,1,replayed_pf_result
7,14,1,27,1.00790238944426,0,0,1,replayed_pf_result
7,14,1,28,1.0229510702651,0,0,1,replayed_pf_result
7,14,1,29,1.02331208715171,0,0,1,replayed_pf_result
7,14,1,30,1,0,0,1,replayed_pf_result
7,14,1,31,1,0,0,1,replayed_pf_result
7,14,1,32,1,0,0,1,replayed_pf_result
7,14,1,33,1,0,0,1,replayed_pf_result
7,14,1,34,1,0,0,1,replayed_pf_result
7,14,1,35,1,0,0,1,replayed_pf_result
7,14,1,36,1,0,0,1,replayed_pf_result
7,14,1,37,1,0,0,1,replayed_pf_result
7,14,1,38,1,0,0,1,replayed_pf_result
7,14,1,39,1,0,0,1,replayed_pf_result
7,15,1,1,1.00339216736043,0,0,1,replayed_pf_result
7,15,1,2,1.01196400611063,0,0,1,replayed_pf_result
7,15,1,3,1.00012088280788,0,0,1,replayed_pf_result
7,15,1,4,0.98635784665537,0,0,1,replayed_pf_result
7,15,1,5,0.993533943070154,0,0,1,replayed_pf_result
7,15,1,6,0.997583018156382,0,0,1,replayed_pf_result
7,15,1,7,0.98502542761925,0,0,1,replayed_pf_result
7,15,1,8,0.98333076513821,0,0,1,replayed_pf_result
7,15,1,9,1.01302958006516,0,0,1,replayed_pf_result
7,15,1,10,1.01187404932746,0,0,1,replayed_pf_result
7,15,1,11,1.00583663428457,0,0,1,replayed_pf_result
7,15,1,12,0.992412652588192,0,0,1,replayed_pf_result
7,15,1,13,1.00609887422399,0,0,1,replayed_pf_result
7,15,1,14,0.996827340536751,0,0,1,replayed_pf_result
7,15,1,15,0.991157222135947,0,0,1,replayed_pf_result
7,15,1,16,1.0037837909217,0,0,1,replayed_pf_result
7,15,1,17,1.00450039256482,0,0,1,replayed_pf_result
7,15,1,18,1.00139969327752,0,0,1,replayed_pf_result
7,15,1,19,1.03837936971455,0,0,1,replayed_pf_result
7,15,1,20,0.978980446141779,0,0,1,replayed_pf_result
7,15,1,21,0.994791090783446,0,0,1,replayed_pf_result
7,15,1,22,1.0044030516389,0,0,1,replayed_pf_result
7,15,1,23,0.997188691708053,0,0,1,replayed_pf_result
7,15,1,24,1.00653418620957,0,0,1,replayed_pf_result
7,15,1,25,1.0213874531301,0,0,1,replayed_pf_result
7,15,1,26,1.02179252118741,0,0,1,replayed_pf_result
7,15,1,27,1.00790238944426,0,0,1,replayed_pf_result
7,15,1,28,1.0229510702651,0,0,1,replayed_pf_result
7,15,1,29,1.02331208715171,0,0,1,replayed_pf_result
7,15,1,30,1,0,0,1,replayed_pf_result
7,15,1,31,1,0,0,1,replayed_pf_result
7,15,1,32,1,0,0,1,replayed_pf_result
7,15,1,33,1,0,0,1,replayed_pf_result
7,15,1,34,1,0,0,1,replayed_pf_result
7,15,1,35,1,0,0,1,replayed_pf_result
7,15,1,36,1,0,0,1,replayed_pf_result
7,15,1,37,1,0,0,1,replayed_pf_result
7,15,1,38,1,0,0,1,replayed_pf_result
7,15,1,39,1,0,0,1,replayed_pf_result
7,16,1,1,1.00339216736043,0,0,1,replayed_pf_result
7,16,1,2,1.01196400611063,0,0,1,replayed_pf_result
7,16,1,3,1.00012088280788,0,0,1,replayed_pf_result
7,16,1,4,0.98635784665537,0,0,1,replayed_pf_result
7,16,1,5,0.993533943070154,0,0,1,replayed_pf_result
7,16,1,6,0.997583018156382,0,0,1,replayed_pf_result
7,16,1,7,0.98502542761925,0,0,1,replayed_pf_result
7,16,1,8,0.98333076513821,0,0,1,replayed_pf_result
7,16,1,9,1.01302958006516,0,0,1,replayed_pf_result
7,16,1,10,1.01187404932746,0,0,1,replayed_pf_result
7,16,1,11,1.00583663428457,0,0,1,replayed_pf_result
7,16,1,12,0.992412652588192,0,0,1,replayed_pf_result
7,16,1,13,1.00609887422399,0,0,1,replayed_pf_result
7,16,1,14,0.996827340536751,0,0,1,replayed_pf_result
7,16,1,15,0.991157222135947,0,0,1,replayed_pf_result
7,16,1,16,1.0037837909217,0,0,1,replayed_pf_result
7,16,1,17,1.00450039256482,0,0,1,replayed_pf_result
7,16,1,18,1.00139969327752,0,0,1,replayed_pf_result
7,16,1,19,1.03837936971455,0,0,1,replayed_pf_result
7,16,1,20,0.978980446141779,0,0,1,replayed_pf_result
7,16,1,21,0.994791090783446,0,0,1,replayed_pf_result
7,16,1,22,1.0044030516389,0,0,1,replayed_pf_result
7,16,1,23,0.997188691708053,0,0,1,replayed_pf_result
7,16,1,24,1.00653418620957,0,0,1,replayed_pf_result
7,16,1,25,1.0213874531301,0,0,1,replayed_pf_result
7,16,1,26,1.02179252118741,0,0,1,replayed_pf_result
7,16,1,27,1.00790238944426,0,0,1,replayed_pf_result
7,16,1,28,1.0229510702651,0,0,1,replayed_pf_result
7,16,1,29,1.02331208715171,0,0,1,replayed_pf_result
7,16,1,30,1,0,0,1,replayed_pf_result
7,16,1,31,1,0,0,1,replayed_pf_result
7,16,1,32,1,0,0,1,replayed_pf_result
7,16,1,33,1,0,0,1,replayed_pf_result
7,16,1,34,1,0,0,1,replayed_pf_result
7,16,1,35,1,0,0,1,replayed_pf_result
7,16,1,36,1,0,0,1,replayed_pf_result
7,16,1,37,1,0,0,1,replayed_pf_result
7,16,1,38,1,0,0,1,replayed_pf_result
7,16,1,39,1,0,0,1,replayed_pf_result
7,17,1,1,1.00339216736043,0,0,1,replayed_pf_result
7,17,1,2,1.01196400611063,0,0,1,replayed_pf_result
7,17,1,3,1.00012088280788,0,0,1,replayed_pf_result
7,17,1,4,0.98635784665537,0,0,1,replayed_pf_result
7,17,1,5,0.993533943070154,0,0,1,replayed_pf_result
7,17,1,6,0.997583018156382,0,0,1,replayed_pf_result
7,17,1,7,0.98502542761925,0,0,1,replayed_pf_result
7,17,1,8,0.98333076513821,0,0,1,replayed_pf_result
7,17,1,9,1.01302958006516,0,0,1,replayed_pf_result
7,17,1,10,1.01187404932746,0,0,1,replayed_pf_result
7,17,1,11,1.00583663428457,0,0,1,replayed_pf_result
7,17,1,12,0.992412652588192,0,0,1,replayed_pf_result
7,17,1,13,1.00609887422399,0,0,1,replayed_pf_result
7,17,1,14,0.996827340536751,0,0,1,replayed_pf_result
7,17,1,15,0.991157222135947,0,0,1,replayed_pf_result
7,17,1,16,1.0037837909217,0,0,1,replayed_pf_result
7,17,1,17,1.00450039256482,0,0,1,replayed_pf_result
7,17,1,18,1.00139969327752,0,0,1,replayed_pf_result
7,17,1,19,1.03837936971455,0,0,1,replayed_pf_result
7,17,1,20,0.978980446141779,0,0,1,replayed_pf_result
7,17,1,21,0.994791090783446,0,0,1,replayed_pf_result
7,17,1,22,1.0044030516389,0,0,1,replayed_pf_result
7,17,1,23,0.997188691708053,0,0,1,replayed_pf_result
7,17,1,24,1.00653418620957,0,0,1,replayed_pf_result
7,17,1,25,1.0213874531301,0,0,1,replayed_pf_result
7,17,1,26,1.02179252118741,0,0,1,replayed_pf_result
7,17,1,27,1.00790238944426,0,0,1,replayed_pf_result
7,17,1,28,1.0229510702651,0,0,1,replayed_pf_result
7,17,1,29,1.02331208715171,0,0,1,replayed_pf_result
7,17,1,30,1,0,0,1,replayed_pf_result
7,17,1,31,1,0,0,1,replayed_pf_result
7,17,1,32,1,0,0,1,replayed_pf_result
7,17,1,33,1,0,0,1,replayed_pf_result
7,17,1,34,1,0,0,1,replayed_pf_result
7,17,1,35,1,0,0,1,replayed_pf_result
7,17,1,36,1,0,0,1,replayed_pf_result
7,17,1,37,1,0,0,1,replayed_pf_result
7,17,1,38,1,0,0,1,replayed_pf_result
7,17,1,39,1,0,0,1,replayed_pf_result
7,18,1,1,1.00339216736043,0,0,1,replayed_pf_result
7,18,1,2,1.01196400611063,0,0,1,replayed_pf_result
7,18,1,3,1.00012088280788,0,0,1,replayed_pf_result
7,18,1,4,0.98635784665537,0,0,1,replayed_pf_result
7,18,1,5,0.993533943070154,0,0,1,replayed_pf_result
7,18,1,6,0.997583018156382,0,0,1,replayed_pf_result
7,18,1,7,0.98502542761925,0,0,1,replayed_pf_result
7,18,1,8,0.98333076513821,0,0,1,replayed_pf_result
7,18,1,9,1.01302958006516,0,0,1,replayed_pf_result
7,18,1,10,1.01187404932746,0,0,1,replayed_pf_result
7,18,1,11,1.00583663428457,0,0,1,replayed_pf_result
7,18,1,12,0.992412652588192,0,0,1,replayed_pf_result
7,18,1,13,1.00609887422399,0,0,1,replayed_pf_result
7,18,1,14,0.996827340536751,0,0,1,replayed_pf_result
7,18,1,15,0.991157222135947,0,0,1,replayed_pf_result
7,18,1,16,1.0037837909217,0,0,1,replayed_pf_result
7,18,1,17,1.00450039256482,0,0,1,replayed_pf_result
7,18,1,18,1.00139969327752,0,0,1,replayed_pf_result
7,18,1,19,1.03837936971455,0,0,1,replayed_pf_result
7,18,1,20,0.978980446141779,0,0,1,replayed_pf_result
7,18,1,21,0.994791090783446,0,0,1,replayed_pf_result
7,18,1,22,1.0044030516389,0,0,1,replayed_pf_result
7,18,1,23,0.997188691708053,0,0,1,replayed_pf_result
7,18,1,24,1.00653418620957,0,0,1,replayed_pf_result
7,18,1,25,1.0213874531301,0,0,1,replayed_pf_result
7,18,1,26,1.02179252118741,0,0,1,replayed_pf_result
7,18,1,27,1.00790238944426,0,0,1,replayed_pf_result
7,18,1,28,1.0229510702651,0,0,1,replayed_pf_result
7,18,1,29,1.02331208715171,0,0,1,replayed_pf_result
7,18,1,30,1,0,0,1,replayed_pf_result
7,18,1,31,1,0,0,1,replayed_pf_result
7,18,1,32,1,0,0,1,replayed_pf_result
7,18,1,33,1,0,0,1,replayed_pf_result
7,18,1,34,1,0,0,1,replayed_pf_result
7,18,1,35,1,0,0,1,replayed_pf_result
7,18,1,36,1,0,0,1,replayed_pf_result
7,18,1,37,1,0,0,1,replayed_pf_result
7,18,1,38,1,0,0,1,replayed_pf_result
7,18,1,39,1,0,0,1,replayed_pf_result
7,19,1,1,1.00339216736043,0,0,1,replayed_pf_result
7,19,1,2,1.01196400611063,0,0,1,replayed_pf_result
7,19,1,3,1.00012088280788,0,0,1,replayed_pf_result
7,19,1,4,0.98635784665537,0,0,1,replayed_pf_result
7,19,1,5,0.993533943070154,0,0,1,replayed_pf_result
7,19,1,6,0.997583018156382,0,0,1,replayed_pf_result
7,19,1,7,0.98502542761925,0,0,1,replayed_pf_result
7,19,1,8,0.98333076513821,0,0,1,replayed_pf_result
7,19,1,9,1.01302958006516,0,0,1,replayed_pf_result
7,19,1,10,1.01187404932746,0,0,1,replayed_pf_result
7,19,1,11,1.00583663428457,0,0,1,replayed_pf_result
7,19,1,12,0.992412652588192,0,0,1,replayed_pf_result
7,19,1,13,1.00609887422399,0,0,1,replayed_pf_result
7,19,1,14,0.996827340536751,0,0,1,replayed_pf_result
7,19,1,15,0.991157222135947,0,0,1,replayed_pf_result
7,19,1,16,1.0037837909217,0,0,1,replayed_pf_result
7,19,1,17,1.00450039256482,0,0,1,replayed_pf_result
7,19,1,18,1.00139969327752,0,0,1,replayed_pf_result
7,19,1,19,1.03837936971455,0,0,1,replayed_pf_result
7,19,1,20,0.978980446141779,0,0,1,replayed_pf_result
7,19,1,21,0.994791090783446,0,0,1,replayed_pf_result
7,19,1,22,1.0044030516389,0,0,1,replayed_pf_result
7,19,1,23,0.997188691708053,0,0,1,replayed_pf_result
7,19,1,24,1.00653418620957,0,0,1,replayed_pf_result
7,19,1,25,1.0213874531301,0,0,1,replayed_pf_result
7,19,1,26,1.02179252118741,0,0,1,replayed_pf_result
7,19,1,27,1.00790238944426,0,0,1,replayed_pf_result
7,19,1,28,1.0229510702651,0,0,1,replayed_pf_result
7,19,1,29,1.02331208715171,0,0,1,replayed_pf_result
7,19,1,30,1,0,0,1,replayed_pf_result
7,19,1,31,1,0,0,1,replayed_pf_result
7,19,1,32,1,0,0,1,replayed_pf_result
7,19,1,33,1,0,0,1,replayed_pf_result
7,19,1,34,1,0,0,1,replayed_pf_result
7,19,1,35,1,0,0,1,replayed_pf_result
7,19,1,36,1,0,0,1,replayed_pf_result
7,19,1,37,1,0,0,1,replayed_pf_result
7,19,1,38,1,0,0,1,replayed_pf_result
7,19,1,39,1,0,0,1,replayed_pf_result
7,20,1,1,1.00339216736043,0,0,1,replayed_pf_result
7,20,1,2,1.01196400611063,0,0,1,replayed_pf_result
7,20,1,3,1.00012088280788,0,0,1,replayed_pf_result
7,20,1,4,0.98635784665537,0,0,1,replayed_pf_result
7,20,1,5,0.993533943070154,0,0,1,replayed_pf_result
7,20,1,6,0.997583018156382,0,0,1,replayed_pf_result
7,20,1,7,0.98502542761925,0,0,1,replayed_pf_result
7,20,1,8,0.98333076513821,0,0,1,replayed_pf_result
7,20,1,9,1.01302958006516,0,0,1,replayed_pf_result
7,20,1,10,1.01187404932746,0,0,1,replayed_pf_result
7,20,1,11,1.00583663428457,0,0,1,replayed_pf_result
7,20,1,12,0.992412652588192,0,0,1,replayed_pf_result
7,20,1,13,1.00609887422399,0,0,1,replayed_pf_result
7,20,1,14,0.996827340536751,0,0,1,replayed_pf_result
7,20,1,15,0.991157222135947,0,0,1,replayed_pf_result
7,20,1,16,1.0037837909217,0,0,1,replayed_pf_result
7,20,1,17,1.00450039256482,0,0,1,replayed_pf_result
7,20,1,18,1.00139969327752,0,0,1,replayed_pf_result
7,20,1,19,1.03837936971455,0,0,1,replayed_pf_result
7,20,1,20,0.978980446141779,0,0,1,replayed_pf_result
7,20,1,21,0.994791090783446,0,0,1,replayed_pf_result
7,20,1,22,1.0044030516389,0,0,1,replayed_pf_result
7,20,1,23,0.997188691708053,0,0,1,replayed_pf_result
7,20,1,24,1.00653418620957,0,0,1,replayed_pf_result
7,20,1,25,1.0213874531301,0,0,1,replayed_pf_result
7,20,1,26,1.02179252118741,0,0,1,replayed_pf_result
7,20,1,27,1.00790238944426,0,0,1,replayed_pf_result
7,20,1,28,1.0229510702651,0,0,1,replayed_pf_result
7,20,1,29,1.02331208715171,0,0,1,replayed_pf_result
7,20,1,30,1,0,0,1,replayed_pf_result
7,20,1,31,1,0,0,1,replayed_pf_result
7,20,1,32,1,0,0,1,replayed_pf_result
7,20,1,33,1,0,0,1,replayed_pf_result
7,20,1,34,1,0,0,1,replayed_pf_result
7,20,1,35,1,0,0,1,replayed_pf_result
7,20,1,36,1,0,0,1,replayed_pf_result
7,20,1,37,1,0,0,1,replayed_pf_result
7,20,1,38,1,0,0,1,replayed_pf_result
7,20,1,39,1,0,0,1,replayed_pf_result
8,1,1,1,1.0043144067401,0,0,1,replayed_pf_result
8,1,1,2,1.01057727191646,0,0,1,replayed_pf_result
8,1,1,3,0.996029671532496,0,0,1,replayed_pf_result
8,1,1,4,0.973955631000778,0,0,1,replayed_pf_result
8,1,1,5,0.997785515178043,0,0,1,replayed_pf_result
8,1,1,6,1.00063018267688,0,0,1,replayed_pf_result
8,1,1,7,0.988011749204496,0,0,1,replayed_pf_result
8,1,1,8,0.986266826121987,0,0,1,replayed_pf_result
8,1,1,9,1.01324633057826,0,0,1,replayed_pf_result
8,1,1,10,1.00966841186366,0,0,1,replayed_pf_result
8,1,1,11,1.00541582283882,0,0,1,replayed_pf_result
8,1,1,12,0.989938152495705,0,0,1,replayed_pf_result
8,1,1,13,1.00179852834472,0,0,1,replayed_pf_result
8,1,1,14,0.988516925155372,0,0,1,replayed_pf_result
8,1,1,15,0.986587424575418,0,0,1,replayed_pf_result
8,1,1,16,1.00092460607348,0,0,1,replayed_pf_result
8,1,1,17,1.00155190395467,0,0,1,replayed_pf_result
8,1,1,18,0.998052263257704,0,0,1,replayed_pf_result
8,1,1,19,1.03732810872274,0,0,1,replayed_pf_result
8,1,1,20,0.978406496903955,0,0,1,replayed_pf_result
8,1,1,21,0.992775020812949,0,0,1,replayed_pf_result
8,1,1,22,1.0033222554347,0,0,1,replayed_pf_result
8,1,1,23,0.99606927667562,0,0,1,replayed_pf_result
8,1,1,24,1.00392772964214,0,0,1,replayed_pf_result
8,1,1,25,1.02034782843554,0,0,1,replayed_pf_result
8,1,1,26,1.02026022297873,0,0,1,replayed_pf_result
8,1,1,27,1.00570081341657,0,0,1,replayed_pf_result
8,1,1,28,1.02216078466183,0,0,1,replayed_pf_result
8,1,1,29,1.0227705203099,0,0,1,replayed_pf_result
8,1,1,30,1,0,0,1,replayed_pf_result
8,1,1,31,1,0,0,1,replayed_pf_result
8,1,1,32,1,0,0,1,replayed_pf_result
8,1,1,33,1,0,0,1,replayed_pf_result
8,1,1,34,1,0,0,1,replayed_pf_result
8,1,1,35,1,0,0,1,replayed_pf_result
8,1,1,36,1,0,0,1,replayed_pf_result
8,1,1,37,1,0,0,1,replayed_pf_result
8,1,1,38,1,0,0,1,replayed_pf_result
8,1,1,39,1,0,0,1,replayed_pf_result
8,2,1,1,1.0043144067401,0,0,1,replayed_pf_result
8,2,1,2,1.01057727191646,0,0,1,replayed_pf_result
8,2,1,3,0.996029671532496,0,0,1,replayed_pf_result
8,2,1,4,0.973955631000778,0,0,1,replayed_pf_result
8,2,1,5,0.997785515178043,0,0,1,replayed_pf_result
8,2,1,6,1.00063018267688,0,0,1,replayed_pf_result
8,2,1,7,0.988011749204496,0,0,1,replayed_pf_result
8,2,1,8,0.986266826121987,0,0,1,replayed_pf_result
8,2,1,9,1.01324633057826,0,0,1,replayed_pf_result
8,2,1,10,1.00966841186366,0,0,1,replayed_pf_result
8,2,1,11,1.00541582283882,0,0,1,replayed_pf_result
8,2,1,12,0.989938152495705,0,0,1,replayed_pf_result
8,2,1,13,1.00179852834472,0,0,1,replayed_pf_result
8,2,1,14,0.988516925155372,0,0,1,replayed_pf_result
8,2,1,15,0.986587424575418,0,0,1,replayed_pf_result
8,2,1,16,1.00092460607348,0,0,1,replayed_pf_result
8,2,1,17,1.00155190395467,0,0,1,replayed_pf_result
8,2,1,18,0.998052263257704,0,0,1,replayed_pf_result
8,2,1,19,1.03732810872274,0,0,1,replayed_pf_result
8,2,1,20,0.978406496903955,0,0,1,replayed_pf_result
8,2,1,21,0.992775020812949,0,0,1,replayed_pf_result
8,2,1,22,1.0033222554347,0,0,1,replayed_pf_result
8,2,1,23,0.99606927667562,0,0,1,replayed_pf_result
8,2,1,24,1.00392772964214,0,0,1,replayed_pf_result
8,2,1,25,1.02034782843554,0,0,1,replayed_pf_result
8,2,1,26,1.02026022297873,0,0,1,replayed_pf_result
8,2,1,27,1.00570081341657,0,0,1,replayed_pf_result
8,2,1,28,1.02216078466183,0,0,1,replayed_pf_result
8,2,1,29,1.0227705203099,0,0,1,replayed_pf_result
8,2,1,30,1,0,0,1,replayed_pf_result
8,2,1,31,1,0,0,1,replayed_pf_result
8,2,1,32,1,0,0,1,replayed_pf_result
8,2,1,33,1,0,0,1,replayed_pf_result
8,2,1,34,1,0,0,1,replayed_pf_result
8,2,1,35,1,0,0,1,replayed_pf_result
8,2,1,36,1,0,0,1,replayed_pf_result
8,2,1,37,1,0,0,1,replayed_pf_result
8,2,1,38,1,0,0,1,replayed_pf_result
8,2,1,39,1,0,0,1,replayed_pf_result
8,2,2,1,1.00499747861584,0,0,1,replayed_pf_result
8,2,2,2,1.00400796781622,0,0,1,replayed_pf_result
8,2,2,3,0.978138827732371,0,0,1,replayed_pf_result
8,2,2,4,0.940145036143221,0,0,1,replayed_pf_result
8,2,2,5,0.985523199205474,0,0,1,replayed_pf_result
8,2,2,6,0.989029408505734,0,0,1,replayed_pf_result
8,2,2,7,0.97446303485341,0,0,1,replayed_pf_result
8,2,2,8,0.972055563897936,0,0,1,replayed_pf_result
8,2,2,9,1.00129269932213,0,0,1,replayed_pf_result
8,2,2,10,1.00787203572697,0,0,1,replayed_pf_result
8,2,2,11,0.995624751735821,0,0,1,replayed_pf_result
8,2,2,12,0.93719669624109,0,0,1,replayed_pf_result
8,2,2,13,0.941765918205019,0,0,1,replayed_pf_result
8,2,2,14,0.945918495929257,0,0,1,replayed_pf_result
8,2,2,15,0.963462584288507,0,0,1,replayed_pf_result
8,2,2,16,0.986835572834763,0,0,1,replayed_pf_result
8,2,2,17,0.987397490425131,0,0,1,replayed_pf_result
8,2,2,18,0.982447497213479,0,0,1,replayed_pf_result
8,2,2,19,1.03214755343049,0,0,1,replayed_pf_result
8,2,2,20,0.975577934205852,0,0,1,replayed_pf_result
8,2,2,21,0.982837494462853,0,0,1,replayed_pf_result
8,2,2,22,0.997994327735273,0,0,1,replayed_pf_result
8,2,2,23,0.990551005640378,0,0,1,replayed_pf_result
8,2,2,24,0.991083864079,0,0,1,replayed_pf_result
8,2,2,25,1.01323620057905,0,0,1,replayed_pf_result
8,2,2,26,1.01144071322218,0,0,1,replayed_pf_result
8,2,2,27,0.994178244536403,0,0,1,replayed_pf_result
8,2,2,28,1.0176117590549,0,0,1,replayed_pf_result
8,2,2,29,1.01965315892355,0,0,1,replayed_pf_result
8,2,2,30,1,0,0,1,replayed_pf_result
8,2,2,31,1,0,0,1,replayed_pf_result
8,2,2,32,1,0,0,1,replayed_pf_result
8,2,2,33,1,0,0,1,replayed_pf_result
8,2,2,34,1,0,0,1,replayed_pf_result
8,2,2,35,1,0,0,1,replayed_pf_result
8,2,2,36,1,0,0,1,replayed_pf_result
8,2,2,37,1,0,0,1,replayed_pf_result
8,2,2,38,1,0,0,1,replayed_pf_result
8,2,2,39,1,0,0,1,replayed_pf_result
8,2,3,1,1.00868514545402,0,0,1,replayed_after_load_shedding
8,2,3,2,1.01905509400602,0,0,1,replayed_after_load_shedding
8,2,3,3,0.894015519615569,0.00598448038443111,0.34932704650821,1,replayed_after_load_shedding
8,2,3,4,0.863543257849031,0.0364567421509691,2.16084686712734,1,replayed_after_load_shedding
8,2,3,5,0.922209717003604,0,0,1,replayed_after_load_shedding
8,2,3,6,0.923763156018466,0,0,1,replayed_after_load_shedding
8,2,3,7,0.915724157372207,0,0,1,replayed_after_load_shedding
8,2,3,8,0.916486470210181,0,0,1,replayed_after_load_shedding
8,2,3,9,0.984642436988839,0,0,1,replayed_after_load_shedding
8,2,3,10,1.0178431,0,0,1,replayed_after_load_shedding
8,2,3,11,0.907592561547242,0,0,1,replayed_after_load_shedding
8,2,3,12,0.852887211746974,0.0471127882530263,2.80746911234058,1,replayed_after_load_shedding
8,2,3,13,0.8686654058605,0.0313345941395002,1.85247205140729,1,replayed_after_load_shedding
8,2,3,14,0.875908365094314,0.0240916349056859,1.41910264858914,1,replayed_after_load_shedding
8,2,3,15,0.914609382410175,0,0,1,replayed_after_load_shedding
8,2,3,16,0.947882723702776,0,0,1,replayed_after_load_shedding
8,2,3,17,0.934302152432915,0,0,1,replayed_after_load_shedding
8,2,3,18,0.91620889272771,0,0,1,replayed_after_load_shedding
8,2,3,19,1.01803487294673,0,0,1,replayed_after_load_shedding
8,2,3,20,0.968491728924599,0,0,1,replayed_after_load_shedding
8,2,3,21,0.955879377666756,0,0,1,replayed_after_load_shedding
8,2,3,22,0.983567609545537,0,0,1,replayed_after_load_shedding
8,2,3,23,0.975695525146558,0,0,1,replayed_after_load_shedding
8,2,3,24,0.95537726805583,0,0,1,replayed_after_load_shedding
8,2,3,25,1.00028891139825,0,0,1,replayed_after_load_shedding
8,2,3,26,0.973465709181379,0,0,1,replayed_after_load_shedding
8,2,3,27,0.945152321186288,0,0,1,replayed_after_load_shedding
8,2,3,28,0.998458837293008,0,0,1,replayed_after_load_shedding
8,2,3,29,1.00654656740447,0,0,1,replayed_after_load_shedding
8,2,3,30,1,0,0,1,replayed_after_load_shedding
8,2,3,31,1,0,0,1,replayed_after_load_shedding
8,2,3,32,0.9841,0,0,1,replayed_after_load_shedding
8,2,3,33,1,0,0,1,replayed_after_load_shedding
8,2,3,34,1,0,0,1,replayed_after_load_shedding
8,2,3,35,1,0,0,1,replayed_after_load_shedding
8,2,3,36,1,0,0,1,replayed_after_load_shedding
8,2,3,37,1,0,0,1,replayed_after_load_shedding
8,2,3,38,1,0,0,1,replayed_after_load_shedding
8,2,3,39,1,0,0,1,replayed_after_load_shedding
8,2,4,1,0.942102954483334,0,0,1,replayed_after_load_shedding
8,2,4,2,0.983393580942196,0,0,1,replayed_after_load_shedding
8,2,4,3,0.840798316488848,0.0592016835111524,3.5494295627612,1,replayed_after_load_shedding
8,2,4,4,0.803488681862806,0.0965113181371944,5.89670706569317,1,replayed_after_load_shedding
8,2,4,5,0.902777341276721,0,0,1,replayed_after_load_shedding
8,2,4,6,0.904752070691413,0,0,1,replayed_after_load_shedding
8,2,4,7,0.894459776375963,0.00554022362403683,0.323322923645729,1,replayed_after_load_shedding
8,2,4,8,0.893316881491405,0.00668311850859538,0.390244502763293,1,replayed_after_load_shedding
8,2,4,9,0.952584564270311,0,0,1,replayed_after_load_shedding
8,2,4,10,1.0178431,0,0,1,replayed_after_load_shedding
8,2,4,11,0.872069799298101,0.0279302007018986,1.64838533239722,1,replayed_after_load_shedding
8,2,4,12,0.763489743166166,0.136510256833834,8.51237744352139,1,replayed_after_load_shedding
8,2,4,13,0.792010158934395,0.107989841065605,6.63665447758732,1,replayed_after_load_shedding
8,2,4,14,0.810544041876007,0.0894559581239929,5.4460896590807,1,replayed_after_load_shedding
8,2,4,15,0.871221994814507,0.0287780051854927,1.6991446009432,1,replayed_after_load_shedding
8,2,4,16,0.911566858854165,0,0,1,replayed_after_load_shedding
8,2,4,17,0.88411486511434,0.0158851348856598,0.931859611526141,1,replayed_after_load_shedding
8,2,4,18,0.8657782994885,0.0342217005114996,2.02609371264862,1,replayed_after_load_shedding
8,2,4,19,1.00506626293406,0,0,1,replayed_after_load_shedding
8,2,4,20,0.963118584140931,0,0,1,replayed_after_load_shedding
8,2,4,21,0.931738466052,0,0,1,replayed_after_load_shedding
8,2,4,22,0.97069035706659,0,0,1,replayed_after_load_shedding
8,2,4,23,0.962600852846773,0,0,1,replayed_after_load_shedding
8,2,4,24,0.921649488583716,0,0,1,replayed_after_load_shedding
8,2,4,25,1.02023787111429,0,0,1,replayed_after_load_shedding
8,2,4,26,1.03916064942932,0,0,1,replayed_after_load_shedding
8,2,4,27,0.869903938085316,0.0300960619146836,1.77814405283311,1,replayed_after_load_shedding
8,2,4,28,1.03346414604209,0,0,1,replayed_after_load_shedding
8,2,4,29,1.03059087954878,0,0,1,replayed_after_load_shedding
8,2,4,30,1,0,0,1,replayed_after_load_shedding
8,2,4,31,1,0,0,1,replayed_after_load_shedding
8,2,4,32,0.9841,0,0,1,replayed_after_load_shedding
8,2,4,33,1,0,0,1,replayed_after_load_shedding
8,2,4,34,1,0,0,1,replayed_after_load_shedding
8,2,4,35,1,0,0,1,replayed_after_load_shedding
8,2,4,36,1,0,0,1,replayed_after_load_shedding
8,2,4,37,1,0,0,1,replayed_after_load_shedding
8,2,4,38,1,0,0,1,replayed_after_load_shedding
8,2,4,39,1,0,0,1,replayed_after_load_shedding
8,2,5,1,1.0393836,0,0,1,replayed_after_load_shedding
8,2,5,2,1.0484941,0,0,1,replayed_after_load_shedding
8,2,5,3,0.746438067239034,0.153561932760966,9.65964922036771,1,replayed_after_load_shedding
8,2,5,4,0.726984069599791,0.173015930400209,10.9926696086362,1,replayed_after_load_shedding
8,2,5,5,1.0060063,0,0,1,replayed_after_load_shedding
8,2,5,6,1.0082256,0,0,1,replayed_after_load_shedding
8,2,5,7,0.99839728,0,0,1,replayed_after_load_shedding
8,2,5,8,0.99787232,0,0,1,replayed_after_load_shedding
8,2,5,9,1.038332,0,0,1,replayed_after_load_shedding
8,2,5,10,1.0178431,0,0,1,replayed_after_load_shedding
8,2,5,11,1.0133858,0,0,1,replayed_after_load_shedding
8,2,5,12,0.702682391787765,0.197317608212235,12.6947084015729,1,replayed_after_load_shedding
8,2,5,13,0.729582127986165,0.170417872013835,10.8131423768729,1,replayed_after_load_shedding
8,2,5,14,0.736202119929099,0.163797880070901,10.3578001941253,1,replayed_after_load_shedding
8,2,5,15,0.76625726117605,0.13374273882395,8.32801141969981,1,replayed_after_load_shedding
8,2,5,16,0.793014388705161,0.106985611294839,6.57157859912579,1,replayed_after_load_shedding
8,2,5,17,0.773073275381131,0.126926724618869,7.8761132471642,1,replayed_after_load_shedding
8,2,5,18,0.760938163778886,0.139061836221114,8.68281077187127,1,replayed_after_load_shedding
8,2,5,19,1.0501068,0,0,1,replayed_after_load_shedding
8,2,5,20,0.99101054,0,0,1,replayed_after_load_shedding
8,2,5,21,0.839078501331554,0.0609214986684463,3.65571453074187,1,replayed_after_load_shedding
8,2,5,22,0.916310489558415,0,0,1,replayed_after_load_shedding
8,2,5,23,0.908020779698909,0,0,1,replayed_after_load_shedding
8,2,5,24,0.808070315065957,0.0919296849340429,5.60372182441426,1,replayed_after_load_shedding
8,2,5,25,1.0576827,0,0,1,replayed_after_load_shedding
8,2,5,26,1.0525613,0,0,1,replayed_after_load_shedding
8,2,5,27,0.761978639997951,0.138021360002049,8.61325941093696,1,replayed_after_load_shedding
8,2,5,28,1.0503737,0,0,1,replayed_after_load_shedding
8,2,5,29,1.0501149,0,0,1,replayed_after_load_shedding
8,2,5,30,1.0499,0,0,1,replayed_after_load_shedding
8,2,5,31,0.982,0,0,1,replayed_after_load_shedding
8,2,5,32,0.9841,0,0,1,replayed_after_load_shedding
8,2,5,33,0.9972,0,0,1,replayed_after_load_shedding
8,2,5,34,1.0123,0,0,1,replayed_after_load_shedding
8,2,5,35,1,0,0,1,replayed_after_load_shedding
8,2,5,36,1,0,0,1,replayed_after_load_shedding
8,2,5,37,1.0275,0,0,1,replayed_after_load_shedding
8,2,5,38,1.0265,0,0,1,replayed_after_load_shedding
8,2,5,39,1.03,0,0,1,replayed_after_load_shedding
8,3,1,1,1.0043144067401,0,0,1,replayed_pf_result
8,3,1,2,1.01057727191646,0,0,1,replayed_pf_result
8,3,1,3,0.996029671532496,0,0,1,replayed_pf_result
8,3,1,4,0.973955631000778,0,0,1,replayed_pf_result
8,3,1,5,0.997785515178043,0,0,1,replayed_pf_result
8,3,1,6,1.00063018267688,0,0,1,replayed_pf_result
8,3,1,7,0.988011749204496,0,0,1,replayed_pf_result
8,3,1,8,0.986266826121987,0,0,1,replayed_pf_result
8,3,1,9,1.01324633057826,0,0,1,replayed_pf_result
8,3,1,10,1.00966841186366,0,0,1,replayed_pf_result
8,3,1,11,1.00541582283882,0,0,1,replayed_pf_result
8,3,1,12,0.989938152495705,0,0,1,replayed_pf_result
8,3,1,13,1.00179852834472,0,0,1,replayed_pf_result
8,3,1,14,0.988516925155372,0,0,1,replayed_pf_result
8,3,1,15,0.986587424575418,0,0,1,replayed_pf_result
8,3,1,16,1.00092460607348,0,0,1,replayed_pf_result
8,3,1,17,1.00155190395467,0,0,1,replayed_pf_result
8,3,1,18,0.998052263257704,0,0,1,replayed_pf_result
8,3,1,19,1.03732810872274,0,0,1,replayed_pf_result
8,3,1,20,0.978406496903955,0,0,1,replayed_pf_result
8,3,1,21,0.992775020812949,0,0,1,replayed_pf_result
8,3,1,22,1.0033222554347,0,0,1,replayed_pf_result
8,3,1,23,0.99606927667562,0,0,1,replayed_pf_result
8,3,1,24,1.00392772964214,0,0,1,replayed_pf_result
8,3,1,25,1.02034782843554,0,0,1,replayed_pf_result
8,3,1,26,1.02026022297873,0,0,1,replayed_pf_result
8,3,1,27,1.00570081341657,0,0,1,replayed_pf_result
8,3,1,28,1.02216078466183,0,0,1,replayed_pf_result
8,3,1,29,1.0227705203099,0,0,1,replayed_pf_result
8,3,1,30,1,0,0,1,replayed_pf_result
8,3,1,31,1,0,0,1,replayed_pf_result
8,3,1,32,1,0,0,1,replayed_pf_result
8,3,1,33,1,0,0,1,replayed_pf_result
8,3,1,34,1,0,0,1,replayed_pf_result
8,3,1,35,1,0,0,1,replayed_pf_result
8,3,1,36,1,0,0,1,replayed_pf_result
8,3,1,37,1,0,0,1,replayed_pf_result
8,3,1,38,1,0,0,1,replayed_pf_result
8,3,1,39,1,0,0,1,replayed_pf_result
8,3,2,1,0.997511906972245,0,0,1,replayed_pf_result
8,3,2,2,0.997684644544378,0,0,1,replayed_pf_result
8,3,2,3,0.970293053584549,0,0,1,replayed_pf_result
8,3,2,4,0.93832121601679,0,0,1,replayed_pf_result
8,3,2,5,0.953159607058281,0,0,1,replayed_pf_result
8,3,2,6,0.959643814415299,0,0,1,replayed_pf_result
8,3,2,7,0.935675022949323,0,0,1,replayed_pf_result
8,3,2,8,0.929637223226514,0,0,1,replayed_pf_result
8,3,2,9,0.955783661086949,0,0,1,replayed_pf_result
8,3,2,10,0.992866960948055,0,0,1,replayed_pf_result
8,3,2,11,0.980059021232966,0,0,1,replayed_pf_result
8,3,2,12,0.971080818052836,0,0,1,replayed_pf_result
8,3,2,13,0.990452519038322,0,0,1,replayed_pf_result
8,3,2,14,0.948782424433222,0,0,1,replayed_pf_result
8,3,2,15,0.962197898726329,0,0,1,replayed_pf_result
8,3,2,16,0.984611785179242,0,0,1,replayed_pf_result
8,3,2,17,0.983029958572104,0,0,1,replayed_pf_result
8,3,2,18,0.976737706583999,0,0,1,replayed_pf_result
8,3,2,19,1.03132981470618,0,0,1,replayed_pf_result
8,3,2,20,0.975131425671073,0,0,1,replayed_pf_result
8,3,2,21,0.981268500292668,0,0,1,replayed_pf_result
8,3,2,22,0.99715304458052,0,0,1,replayed_pf_result
8,3,2,23,0.98967967237314,0,0,1,replayed_pf_result
8,3,2,24,0.989056582018479,0,0,1,replayed_pf_result
8,3,2,25,1.00481514972542,0,0,1,replayed_pf_result
8,3,2,26,1.00492785537345,0,0,1,replayed_pf_result
8,3,2,27,0.988185096729929,0,0,1,replayed_pf_result
8,3,2,28,1.01425210080266,0,0,1,replayed_pf_result
8,3,2,29,1.01735084254532,0,0,1,replayed_pf_result
8,3,2,30,1,0,0,1,replayed_pf_result
8,3,2,31,1,0,0,1,replayed_pf_result
8,3,2,32,1,0,0,1,replayed_pf_result
8,3,2,33,1,0,0,1,replayed_pf_result
8,3,2,34,1,0,0,1,replayed_pf_result
8,3,2,35,1,0,0,1,replayed_pf_result
8,3,2,36,1,0,0,1,replayed_pf_result
8,3,2,37,1,0,0,1,replayed_pf_result
8,3,2,38,1,0,0,1,replayed_pf_result
8,3,2,39,1,0,0,1,replayed_pf_result
8,3,3,1,1.00508268088686,0,0,1,replayed_after_load_shedding
8,3,3,2,1.00784558939032,0,0,1,replayed_after_load_shedding
8,3,3,3,0.841540490366945,0.0584595096330547,3.50361947953392,1,replayed_after_load_shedding
8,3,3,4,0.821298417339013,0.0787015826609874,4.76530801653265,1,replayed_after_load_shedding
8,3,3,5,0.901659007656325,0,0,1,replayed_after_load_shedding
8,3,3,6,0.905843927943366,0,0,1,replayed_after_load_shedding
8,3,3,7,0.889695146348967,0.0103048536510331,0.602819126259007,1,replayed_after_load_shedding
8,3,3,8,0.887377833773894,0.0126221662261063,0.739236240224465,1,replayed_after_load_shedding
8,3,3,9,0.951408447121095,0,0,1,replayed_after_load_shedding
8,3,3,10,1.0178431,0,0,1,replayed_after_load_shedding
8,3,3,11,1.0133858,0,0,1,replayed_after_load_shedding
8,3,3,12,1.000815,0,0,1,replayed_after_load_shedding
8,3,3,13,1.014923,0,0,1,replayed_after_load_shedding
8,3,3,14,0.841165030265059,0.0588349697349415,3.52679020179504,1,replayed_after_load_shedding
8,3,3,15,0.876533211808614,0.0234667881913858,1.38186293941986,1,replayed_after_load_shedding
8,3,3,16,0.912089435338196,0,0,1,replayed_after_load_shedding
8,3,3,17,0.879965619084188,0.0200343809158123,1.17771227926312,1,replayed_after_load_shedding
8,3,3,18,0.860982794919753,0.0390172050802466,2.31559063709263,1,replayed_after_load_shedding
8,3,3,19,1.00486460075228,0,0,1,replayed_after_load_shedding
8,3,3,20,0.961304198146078,0,0,1,replayed_after_load_shedding
8,3,3,21,0.930575334890107,0,0,1,replayed_after_load_shedding
8,3,3,22,0.969988134805291,0,0,1,replayed_after_load_shedding
8,3,3,23,0.961630949113717,0,0,1,replayed_after_load_shedding
8,3,3,24,0.922732165981742,0,0,1,replayed_after_load_shedding
8,3,3,25,0.956973156751709,0,0,1,replayed_after_load_shedding
8,3,3,26,0.899647841606291,0.000352158393708613,0.0204984073579493,1,replayed_after_load_shedding
8,3,3,27,0.86812949937398,0.0318705006260198,1.88466193703105,1,replayed_after_load_shedding
8,3,3,28,0.960344994183691,0,0,1,replayed_after_load_shedding
8,3,3,29,0.980425454991133,0,0,1,replayed_after_load_shedding
8,3,3,30,1,0,0,1,replayed_after_load_shedding
8,3,3,31,1,0,0,1,replayed_after_load_shedding
8,3,3,32,0.9841,0,0,1,replayed_after_load_shedding
8,3,3,33,1,0,0,1,replayed_after_load_shedding
8,3,3,34,1,0,0,1,replayed_after_load_shedding
8,3,3,35,1,0,0,1,replayed_after_load_shedding
8,3,3,36,1,0,0,1,replayed_after_load_shedding
8,3,3,37,1,0,0,1,replayed_after_load_shedding
8,3,3,38,1,0,0,1,replayed_after_load_shedding
8,3,3,39,1,0,0,1,replayed_after_load_shedding
8,4,1,1,1.0043144067401,0,0,1,replayed_pf_result
8,4,1,2,1.01057727191646,0,0,1,replayed_pf_result
8,4,1,3,0.996029671532496,0,0,1,replayed_pf_result
8,4,1,4,0.973955631000778,0,0,1,replayed_pf_result
8,4,1,5,0.997785515178043,0,0,1,replayed_pf_result
8,4,1,6,1.00063018267688,0,0,1,replayed_pf_result
8,4,1,7,0.988011749204496,0,0,1,replayed_pf_result
8,4,1,8,0.986266826121987,0,0,1,replayed_pf_result
8,4,1,9,1.01324633057826,0,0,1,replayed_pf_result
8,4,1,10,1.00966841186366,0,0,1,replayed_pf_result
8,4,1,11,1.00541582283882,0,0,1,replayed_pf_result
8,4,1,12,0.989938152495705,0,0,1,replayed_pf_result
8,4,1,13,1.00179852834472,0,0,1,replayed_pf_result
8,4,1,14,0.988516925155372,0,0,1,replayed_pf_result
8,4,1,15,0.986587424575418,0,0,1,replayed_pf_result
8,4,1,16,1.00092460607348,0,0,1,replayed_pf_result
8,4,1,17,1.00155190395467,0,0,1,replayed_pf_result
8,4,1,18,0.998052263257704,0,0,1,replayed_pf_result
8,4,1,19,1.03732810872274,0,0,1,replayed_pf_result
8,4,1,20,0.978406496903955,0,0,1,replayed_pf_result
8,4,1,21,0.992775020812949,0,0,1,replayed_pf_result
8,4,1,22,1.0033222554347,0,0,1,replayed_pf_result
8,4,1,23,0.99606927667562,0,0,1,replayed_pf_result
8,4,1,24,1.00392772964214,0,0,1,replayed_pf_result
8,4,1,25,1.02034782843554,0,0,1,replayed_pf_result
8,4,1,26,1.02026022297873,0,0,1,replayed_pf_result
8,4,1,27,1.00570081341657,0,0,1,replayed_pf_result
8,4,1,28,1.02216078466183,0,0,1,replayed_pf_result
8,4,1,29,1.0227705203099,0,0,1,replayed_pf_result
8,4,1,30,1,0,0,1,replayed_pf_result
8,4,1,31,1,0,0,1,replayed_pf_result
8,4,1,32,1,0,0,1,replayed_pf_result
8,4,1,33,1,0,0,1,replayed_pf_result
8,4,1,34,1,0,0,1,replayed_pf_result
8,4,1,35,1,0,0,1,replayed_pf_result
8,4,1,36,1,0,0,1,replayed_pf_result
8,4,1,37,1,0,0,1,replayed_pf_result
8,4,1,38,1,0,0,1,replayed_pf_result
8,4,1,39,1,0,0,1,replayed_pf_result
8,5,1,1,1.0043144067401,0,0,1,replayed_pf_result
8,5,1,2,1.01057727191646,0,0,1,replayed_pf_result
8,5,1,3,0.996029671532496,0,0,1,replayed_pf_result
8,5,1,4,0.973955631000778,0,0,1,replayed_pf_result
8,5,1,5,0.997785515178043,0,0,1,replayed_pf_result
8,5,1,6,1.00063018267688,0,0,1,replayed_pf_result
8,5,1,7,0.988011749204496,0,0,1,replayed_pf_result
8,5,1,8,0.986266826121987,0,0,1,replayed_pf_result
8,5,1,9,1.01324633057826,0,0,1,replayed_pf_result
8,5,1,10,1.00966841186366,0,0,1,replayed_pf_result
8,5,1,11,1.00541582283882,0,0,1,replayed_pf_result
8,5,1,12,0.989938152495705,0,0,1,replayed_pf_result
8,5,1,13,1.00179852834472,0,0,1,replayed_pf_result
8,5,1,14,0.988516925155372,0,0,1,replayed_pf_result
8,5,1,15,0.986587424575418,0,0,1,replayed_pf_result
8,5,1,16,1.00092460607348,0,0,1,replayed_pf_result
8,5,1,17,1.00155190395467,0,0,1,replayed_pf_result
8,5,1,18,0.998052263257704,0,0,1,replayed_pf_result
8,5,1,19,1.03732810872274,0,0,1,replayed_pf_result
8,5,1,20,0.978406496903955,0,0,1,replayed_pf_result
8,5,1,21,0.992775020812949,0,0,1,replayed_pf_result
8,5,1,22,1.0033222554347,0,0,1,replayed_pf_result
8,5,1,23,0.99606927667562,0,0,1,replayed_pf_result
8,5,1,24,1.00392772964214,0,0,1,replayed_pf_result
8,5,1,25,1.02034782843554,0,0,1,replayed_pf_result
8,5,1,26,1.02026022297873,0,0,1,replayed_pf_result
8,5,1,27,1.00570081341657,0,0,1,replayed_pf_result
8,5,1,28,1.02216078466183,0,0,1,replayed_pf_result
8,5,1,29,1.0227705203099,0,0,1,replayed_pf_result
8,5,1,30,1,0,0,1,replayed_pf_result
8,5,1,31,1,0,0,1,replayed_pf_result
8,5,1,32,1,0,0,1,replayed_pf_result
8,5,1,33,1,0,0,1,replayed_pf_result
8,5,1,34,1,0,0,1,replayed_pf_result
8,5,1,35,1,0,0,1,replayed_pf_result
8,5,1,36,1,0,0,1,replayed_pf_result
8,5,1,37,1,0,0,1,replayed_pf_result
8,5,1,38,1,0,0,1,replayed_pf_result
8,5,1,39,1,0,0,1,replayed_pf_result
8,6,1,1,1.0043144067401,0,0,1,replayed_pf_result
8,6,1,2,1.01057727191646,0,0,1,replayed_pf_result
8,6,1,3,0.996029671532496,0,0,1,replayed_pf_result
8,6,1,4,0.973955631000778,0,0,1,replayed_pf_result
8,6,1,5,0.997785515178043,0,0,1,replayed_pf_result
8,6,1,6,1.00063018267688,0,0,1,replayed_pf_result
8,6,1,7,0.988011749204496,0,0,1,replayed_pf_result
8,6,1,8,0.986266826121987,0,0,1,replayed_pf_result
8,6,1,9,1.01324633057826,0,0,1,replayed_pf_result
8,6,1,10,1.00966841186366,0,0,1,replayed_pf_result
8,6,1,11,1.00541582283882,0,0,1,replayed_pf_result
8,6,1,12,0.989938152495705,0,0,1,replayed_pf_result
8,6,1,13,1.00179852834472,0,0,1,replayed_pf_result
8,6,1,14,0.988516925155372,0,0,1,replayed_pf_result
8,6,1,15,0.986587424575418,0,0,1,replayed_pf_result
8,6,1,16,1.00092460607348,0,0,1,replayed_pf_result
8,6,1,17,1.00155190395467,0,0,1,replayed_pf_result
8,6,1,18,0.998052263257704,0,0,1,replayed_pf_result
8,6,1,19,1.03732810872274,0,0,1,replayed_pf_result
8,6,1,20,0.978406496903955,0,0,1,replayed_pf_result
8,6,1,21,0.992775020812949,0,0,1,replayed_pf_result
8,6,1,22,1.0033222554347,0,0,1,replayed_pf_result
8,6,1,23,0.99606927667562,0,0,1,replayed_pf_result
8,6,1,24,1.00392772964214,0,0,1,replayed_pf_result
8,6,1,25,1.02034782843554,0,0,1,replayed_pf_result
8,6,1,26,1.02026022297873,0,0,1,replayed_pf_result
8,6,1,27,1.00570081341657,0,0,1,replayed_pf_result
8,6,1,28,1.02216078466183,0,0,1,replayed_pf_result
8,6,1,29,1.0227705203099,0,0,1,replayed_pf_result
8,6,1,30,1,0,0,1,replayed_pf_result
8,6,1,31,1,0,0,1,replayed_pf_result
8,6,1,32,1,0,0,1,replayed_pf_result
8,6,1,33,1,0,0,1,replayed_pf_result
8,6,1,34,1,0,0,1,replayed_pf_result
8,6,1,35,1,0,0,1,replayed_pf_result
8,6,1,36,1,0,0,1,replayed_pf_result
8,6,1,37,1,0,0,1,replayed_pf_result
8,6,1,38,1,0,0,1,replayed_pf_result
8,6,1,39,1,0,0,1,replayed_pf_result
8,7,1,1,1.0043144067401,0,0,1,replayed_pf_result
8,7,1,2,1.01057727191646,0,0,1,replayed_pf_result
8,7,1,3,0.996029671532496,0,0,1,replayed_pf_result
8,7,1,4,0.973955631000778,0,0,1,replayed_pf_result
8,7,1,5,0.997785515178043,0,0,1,replayed_pf_result
8,7,1,6,1.00063018267688,0,0,1,replayed_pf_result
8,7,1,7,0.988011749204496,0,0,1,replayed_pf_result
8,7,1,8,0.986266826121987,0,0,1,replayed_pf_result
8,7,1,9,1.01324633057826,0,0,1,replayed_pf_result
8,7,1,10,1.00966841186366,0,0,1,replayed_pf_result
8,7,1,11,1.00541582283882,0,0,1,replayed_pf_result
8,7,1,12,0.989938152495705,0,0,1,replayed_pf_result
8,7,1,13,1.00179852834472,0,0,1,replayed_pf_result
8,7,1,14,0.988516925155372,0,0,1,replayed_pf_result
8,7,1,15,0.986587424575418,0,0,1,replayed_pf_result
8,7,1,16,1.00092460607348,0,0,1,replayed_pf_result
8,7,1,17,1.00155190395467,0,0,1,replayed_pf_result
8,7,1,18,0.998052263257704,0,0,1,replayed_pf_result
8,7,1,19,1.03732810872274,0,0,1,replayed_pf_result
8,7,1,20,0.978406496903955,0,0,1,replayed_pf_result
8,7,1,21,0.992775020812949,0,0,1,replayed_pf_result
8,7,1,22,1.0033222554347,0,0,1,replayed_pf_result
8,7,1,23,0.99606927667562,0,0,1,replayed_pf_result
8,7,1,24,1.00392772964214,0,0,1,replayed_pf_result
8,7,1,25,1.02034782843554,0,0,1,replayed_pf_result
8,7,1,26,1.02026022297873,0,0,1,replayed_pf_result
8,7,1,27,1.00570081341657,0,0,1,replayed_pf_result
8,7,1,28,1.02216078466183,0,0,1,replayed_pf_result
8,7,1,29,1.0227705203099,0,0,1,replayed_pf_result
8,7,1,30,1,0,0,1,replayed_pf_result
8,7,1,31,1,0,0,1,replayed_pf_result
8,7,1,32,1,0,0,1,replayed_pf_result
8,7,1,33,1,0,0,1,replayed_pf_result
8,7,1,34,1,0,0,1,replayed_pf_result
8,7,1,35,1,0,0,1,replayed_pf_result
8,7,1,36,1,0,0,1,replayed_pf_result
8,7,1,37,1,0,0,1,replayed_pf_result
8,7,1,38,1,0,0,1,replayed_pf_result
8,7,1,39,1,0,0,1,replayed_pf_result
8,8,1,1,1.0043144067401,0,0,1,replayed_pf_result
8,8,1,2,1.01057727191646,0,0,1,replayed_pf_result
8,8,1,3,0.996029671532496,0,0,1,replayed_pf_result
8,8,1,4,0.973955631000778,0,0,1,replayed_pf_result
8,8,1,5,0.997785515178043,0,0,1,replayed_pf_result
8,8,1,6,1.00063018267688,0,0,1,replayed_pf_result
8,8,1,7,0.988011749204496,0,0,1,replayed_pf_result
8,8,1,8,0.986266826121987,0,0,1,replayed_pf_result
8,8,1,9,1.01324633057826,0,0,1,replayed_pf_result
8,8,1,10,1.00966841186366,0,0,1,replayed_pf_result
8,8,1,11,1.00541582283882,0,0,1,replayed_pf_result
8,8,1,12,0.989938152495705,0,0,1,replayed_pf_result
8,8,1,13,1.00179852834472,0,0,1,replayed_pf_result
8,8,1,14,0.988516925155372,0,0,1,replayed_pf_result
8,8,1,15,0.986587424575418,0,0,1,replayed_pf_result
8,8,1,16,1.00092460607348,0,0,1,replayed_pf_result
8,8,1,17,1.00155190395467,0,0,1,replayed_pf_result
8,8,1,18,0.998052263257704,0,0,1,replayed_pf_result
8,8,1,19,1.03732810872274,0,0,1,replayed_pf_result
8,8,1,20,0.978406496903955,0,0,1,replayed_pf_result
8,8,1,21,0.992775020812949,0,0,1,replayed_pf_result
8,8,1,22,1.0033222554347,0,0,1,replayed_pf_result
8,8,1,23,0.99606927667562,0,0,1,replayed_pf_result
8,8,1,24,1.00392772964214,0,0,1,replayed_pf_result
8,8,1,25,1.02034782843554,0,0,1,replayed_pf_result
8,8,1,26,1.02026022297873,0,0,1,replayed_pf_result
8,8,1,27,1.00570081341657,0,0,1,replayed_pf_result
8,8,1,28,1.02216078466183,0,0,1,replayed_pf_result
8,8,1,29,1.0227705203099,0,0,1,replayed_pf_result
8,8,1,30,1,0,0,1,replayed_pf_result
8,8,1,31,1,0,0,1,replayed_pf_result
8,8,1,32,1,0,0,1,replayed_pf_result
8,8,1,33,1,0,0,1,replayed_pf_result
8,8,1,34,1,0,0,1,replayed_pf_result
8,8,1,35,1,0,0,1,replayed_pf_result
8,8,1,36,1,0,0,1,replayed_pf_result
8,8,1,37,1,0,0,1,replayed_pf_result
8,8,1,38,1,0,0,1,replayed_pf_result
8,8,1,39,1,0,0,1,replayed_pf_result
8,9,1,1,1.0043144067401,0,0,1,replayed_pf_result
8,9,1,2,1.01057727191646,0,0,1,replayed_pf_result
8,9,1,3,0.996029671532496,0,0,1,replayed_pf_result
8,9,1,4,0.973955631000778,0,0,1,replayed_pf_result
8,9,1,5,0.997785515178043,0,0,1,replayed_pf_result
8,9,1,6,1.00063018267688,0,0,1,replayed_pf_result
8,9,1,7,0.988011749204496,0,0,1,replayed_pf_result
8,9,1,8,0.986266826121987,0,0,1,replayed_pf_result
8,9,1,9,1.01324633057826,0,0,1,replayed_pf_result
8,9,1,10,1.00966841186366,0,0,1,replayed_pf_result
8,9,1,11,1.00541582283882,0,0,1,replayed_pf_result
8,9,1,12,0.989938152495705,0,0,1,replayed_pf_result
8,9,1,13,1.00179852834472,0,0,1,replayed_pf_result
8,9,1,14,0.988516925155372,0,0,1,replayed_pf_result
8,9,1,15,0.986587424575418,0,0,1,replayed_pf_result
8,9,1,16,1.00092460607348,0,0,1,replayed_pf_result
8,9,1,17,1.00155190395467,0,0,1,replayed_pf_result
8,9,1,18,0.998052263257704,0,0,1,replayed_pf_result
8,9,1,19,1.03732810872274,0,0,1,replayed_pf_result
8,9,1,20,0.978406496903955,0,0,1,replayed_pf_result
8,9,1,21,0.992775020812949,0,0,1,replayed_pf_result
8,9,1,22,1.0033222554347,0,0,1,replayed_pf_result
8,9,1,23,0.99606927667562,0,0,1,replayed_pf_result
8,9,1,24,1.00392772964214,0,0,1,replayed_pf_result
8,9,1,25,1.02034782843554,0,0,1,replayed_pf_result
8,9,1,26,1.02026022297873,0,0,1,replayed_pf_result
8,9,1,27,1.00570081341657,0,0,1,replayed_pf_result
8,9,1,28,1.02216078466183,0,0,1,replayed_pf_result
8,9,1,29,1.0227705203099,0,0,1,replayed_pf_result
8,9,1,30,1,0,0,1,replayed_pf_result
8,9,1,31,1,0,0,1,replayed_pf_result
8,9,1,32,1,0,0,1,replayed_pf_result
8,9,1,33,1,0,0,1,replayed_pf_result
8,9,1,34,1,0,0,1,replayed_pf_result
8,9,1,35,1,0,0,1,replayed_pf_result
8,9,1,36,1,0,0,1,replayed_pf_result
8,9,1,37,1,0,0,1,replayed_pf_result
8,9,1,38,1,0,0,1,replayed_pf_result
8,9,1,39,1,0,0,1,replayed_pf_result
8,10,1,1,1.0043144067401,0,0,1,replayed_pf_result
8,10,1,2,1.01057727191646,0,0,1,replayed_pf_result
8,10,1,3,0.996029671532496,0,0,1,replayed_pf_result
8,10,1,4,0.973955631000778,0,0,1,replayed_pf_result
8,10,1,5,0.997785515178043,0,0,1,replayed_pf_result
8,10,1,6,1.00063018267688,0,0,1,replayed_pf_result
8,10,1,7,0.988011749204496,0,0,1,replayed_pf_result
8,10,1,8,0.986266826121987,0,0,1,replayed_pf_result
8,10,1,9,1.01324633057826,0,0,1,replayed_pf_result
8,10,1,10,1.00966841186366,0,0,1,replayed_pf_result
8,10,1,11,1.00541582283882,0,0,1,replayed_pf_result
8,10,1,12,0.989938152495705,0,0,1,replayed_pf_result
8,10,1,13,1.00179852834472,0,0,1,replayed_pf_result
8,10,1,14,0.988516925155372,0,0,1,replayed_pf_result
8,10,1,15,0.986587424575418,0,0,1,replayed_pf_result
8,10,1,16,1.00092460607348,0,0,1,replayed_pf_result
8,10,1,17,1.00155190395467,0,0,1,replayed_pf_result
8,10,1,18,0.998052263257704,0,0,1,replayed_pf_result
8,10,1,19,1.03732810872274,0,0,1,replayed_pf_result
8,10,1,20,0.978406496903955,0,0,1,replayed_pf_result
8,10,1,21,0.992775020812949,0,0,1,replayed_pf_result
8,10,1,22,1.0033222554347,0,0,1,replayed_pf_result
8,10,1,23,0.99606927667562,0,0,1,replayed_pf_result
8,10,1,24,1.00392772964214,0,0,1,replayed_pf_result
8,10,1,25,1.02034782843554,0,0,1,replayed_pf_result
8,10,1,26,1.02026022297873,0,0,1,replayed_pf_result
8,10,1,27,1.00570081341657,0,0,1,replayed_pf_result
8,10,1,28,1.02216078466183,0,0,1,replayed_pf_result
8,10,1,29,1.0227705203099,0,0,1,replayed_pf_result
8,10,1,30,1,0,0,1,replayed_pf_result
8,10,1,31,1,0,0,1,replayed_pf_result
8,10,1,32,1,0,0,1,replayed_pf_result
8,10,1,33,1,0,0,1,replayed_pf_result
8,10,1,34,1,0,0,1,replayed_pf_result
8,10,1,35,1,0,0,1,replayed_pf_result
8,10,1,36,1,0,0,1,replayed_pf_result
8,10,1,37,1,0,0,1,replayed_pf_result
8,10,1,38,1,0,0,1,replayed_pf_result
8,10,1,39,1,0,0,1,replayed_pf_result
8,11,1,1,1.0043144067401,0,0,1,replayed_pf_result
8,11,1,2,1.01057727191646,0,0,1,replayed_pf_result
8,11,1,3,0.996029671532496,0,0,1,replayed_pf_result
8,11,1,4,0.973955631000778,0,0,1,replayed_pf_result
8,11,1,5,0.997785515178043,0,0,1,replayed_pf_result
8,11,1,6,1.00063018267688,0,0,1,replayed_pf_result
8,11,1,7,0.988011749204496,0,0,1,replayed_pf_result
8,11,1,8,0.986266826121987,0,0,1,replayed_pf_result
8,11,1,9,1.01324633057826,0,0,1,replayed_pf_result
8,11,1,10,1.00966841186366,0,0,1,replayed_pf_result
8,11,1,11,1.00541582283882,0,0,1,replayed_pf_result
8,11,1,12,0.989938152495705,0,0,1,replayed_pf_result
8,11,1,13,1.00179852834472,0,0,1,replayed_pf_result
8,11,1,14,0.988516925155372,0,0,1,replayed_pf_result
8,11,1,15,0.986587424575418,0,0,1,replayed_pf_result
8,11,1,16,1.00092460607348,0,0,1,replayed_pf_result
8,11,1,17,1.00155190395467,0,0,1,replayed_pf_result
8,11,1,18,0.998052263257704,0,0,1,replayed_pf_result
8,11,1,19,1.03732810872274,0,0,1,replayed_pf_result
8,11,1,20,0.978406496903955,0,0,1,replayed_pf_result
8,11,1,21,0.992775020812949,0,0,1,replayed_pf_result
8,11,1,22,1.0033222554347,0,0,1,replayed_pf_result
8,11,1,23,0.99606927667562,0,0,1,replayed_pf_result
8,11,1,24,1.00392772964214,0,0,1,replayed_pf_result
8,11,1,25,1.02034782843554,0,0,1,replayed_pf_result
8,11,1,26,1.02026022297873,0,0,1,replayed_pf_result
8,11,1,27,1.00570081341657,0,0,1,replayed_pf_result
8,11,1,28,1.02216078466183,0,0,1,replayed_pf_result
8,11,1,29,1.0227705203099,0,0,1,replayed_pf_result
8,11,1,30,1,0,0,1,replayed_pf_result
8,11,1,31,1,0,0,1,replayed_pf_result
8,11,1,32,1,0,0,1,replayed_pf_result
8,11,1,33,1,0,0,1,replayed_pf_result
8,11,1,34,1,0,0,1,replayed_pf_result
8,11,1,35,1,0,0,1,replayed_pf_result
8,11,1,36,1,0,0,1,replayed_pf_result
8,11,1,37,1,0,0,1,replayed_pf_result
8,11,1,38,1,0,0,1,replayed_pf_result
8,11,1,39,1,0,0,1,replayed_pf_result
8,11,2,1,1.00075052876077,0,0,1,replayed_pf_result
8,11,2,2,0.995315910642557,0,0,1,replayed_pf_result
8,11,2,3,0.96008527923375,0,0,1,replayed_pf_result
8,11,2,4,0.904782373567713,0,0,1,replayed_pf_result
8,11,2,5,0.996816265095182,0,0,1,replayed_pf_result
8,11,2,6,1.000075710039,0,0,1,replayed_pf_result
8,11,2,7,0.98621005185809,0,0,1,replayed_pf_result
8,11,2,8,0.983967933716883,0,0,1,replayed_pf_result
8,11,2,9,1.00920089057631,0,0,1,replayed_pf_result
8,11,2,10,1.0134935830364,0,0,1,replayed_pf_result
8,11,2,11,1.00782377931117,0,0,1,replayed_pf_result
8,11,2,12,0.994229455927784,0,0,1,replayed_pf_result
8,11,2,13,1.00769031071604,0,0,1,replayed_pf_result
8,11,2,14,0.998927214374139,0,0,1,replayed_pf_result
8,11,2,15,0.982254113864598,0,0,1,replayed_pf_result
8,11,2,16,0.991896449270866,0,0,1,replayed_pf_result
8,11,2,17,0.9842350515829,0,0,1,replayed_pf_result
8,11,2,18,0.972829433884684,0,0,1,replayed_pf_result
8,11,2,19,1.03400850574279,0,0,1,replayed_pf_result
8,11,2,20,0.976594040021221,0,0,1,replayed_pf_result
8,11,2,21,0.986407713132376,0,0,1,replayed_pf_result
8,11,2,22,0.999908571843453,0,0,1,replayed_pf_result
8,11,2,23,0.992533630744437,0,0,1,replayed_pf_result
8,11,2,24,0.995697504345261,0,0,1,replayed_pf_result
8,11,2,25,1.0114037758541,0,0,1,replayed_pf_result
8,11,2,26,1.01056042893044,0,0,1,replayed_pf_result
8,11,2,27,0.992461995400759,0,0,1,replayed_pf_result
8,11,2,28,1.01715768347123,0,0,1,replayed_pf_result
8,11,2,29,1.01934198898183,0,0,1,replayed_pf_result
8,11,2,30,1,0,0,1,replayed_pf_result
8,11,2,31,1,0,0,1,replayed_pf_result
8,11,2,32,1,0,0,1,replayed_pf_result
8,11,2,33,1,0,0,1,replayed_pf_result
8,11,2,34,1,0,0,1,replayed_pf_result
8,11,2,35,1,0,0,1,replayed_pf_result
8,11,2,36,1,0,0,1,replayed_pf_result
8,11,2,37,1,0,0,1,replayed_pf_result
8,11,2,38,1,0,0,1,replayed_pf_result
8,11,2,39,1,0,0,1,replayed_pf_result
8,11,3,1,1.00378933389481,0,0,1,replayed_after_load_shedding
8,11,3,2,1.01309778965863,0,0,1,replayed_after_load_shedding
8,11,3,3,0.744899046185578,0.155100953814422,9.76416346852099,1,replayed_after_load_shedding
8,11,3,4,0.666375540868094,0.233624459131906,15.3158828077439,1,replayed_after_load_shedding
8,11,3,5,1.00320986800773,0,0,1,replayed_after_load_shedding
8,11,3,6,1.00560456013668,0,0,1,replayed_after_load_shedding
8,11,3,7,0.994471133729684,0,0,1,replayed_after_load_shedding
8,11,3,8,0.993062970750193,0,0,1,replayed_after_load_shedding
8,11,3,9,1.01759901995581,0,0,1,replayed_after_load_shedding
8,11,3,10,1.00760530069032,0,0,1,replayed_after_load_shedding
8,11,3,11,1.00564190460541,0,0,1,replayed_after_load_shedding
8,11,3,12,0.988626535388836,0,0,1,replayed_after_load_shedding
8,11,3,13,0.996997515909689,0,0,1,replayed_after_load_shedding
8,11,3,14,0.975792473653942,0,0,1,replayed_after_load_shedding
8,11,3,15,0.93299985886672,0,0,1,replayed_after_load_shedding
8,11,3,16,0.931693095741575,0,0,1,replayed_after_load_shedding
8,11,3,17,0.87812151768788,0.0218784823121204,1.28730752721382,1,replayed_after_load_shedding
8,11,3,18,0.818398661292088,0.0816013387079124,4.94815026559876,1,replayed_after_load_shedding
8,11,3,19,1.01207838751998,0,0,1,replayed_after_load_shedding
8,11,3,20,0.965241264305096,0,0,1,replayed_after_load_shedding
8,11,3,21,0.944439048839645,0,0,1,replayed_after_load_shedding
8,11,3,22,0.977428956877927,0,0,1,replayed_after_load_shedding
8,11,3,23,0.969337536720631,0,0,1,replayed_after_load_shedding
8,11,3,24,0.940612084641377,0,0,1,replayed_after_load_shedding
8,11,3,25,0.997587090820352,0,0,1,replayed_after_load_shedding
8,11,3,26,0.954068471717736,0,0,1,replayed_after_load_shedding
8,11,3,27,0.909528045836659,0,0,1,replayed_after_load_shedding
8,11,3,28,0.988448182334303,0,0,1,replayed_after_load_shedding
8,11,3,29,0.999685898460341,0,0,1,replayed_after_load_shedding
8,11,3,30,1,0,0,1,replayed_after_load_shedding
8,11,3,31,1,0,0,1,replayed_after_load_shedding
8,11,3,32,1,0,0,1,replayed_after_load_shedding
8,11,3,33,1,0,0,1,replayed_after_load_shedding
8,11,3,34,1,0,0,1,replayed_after_load_shedding
8,11,3,35,1,0,0,1,replayed_after_load_shedding
8,11,3,36,1,0,0,1,replayed_after_load_shedding
8,11,3,37,1,0,0,1,replayed_after_load_shedding
8,11,3,38,1,0,0,1,replayed_after_load_shedding
8,11,3,39,1,0,0,1,replayed_after_load_shedding
8,11,4,1,0.989541590337357,0,0,1,replayed_pf_result
8,11,4,2,1.01289402291426,0,0,1,replayed_pf_result
8,11,4,3,1.0307077,0,0,1,replayed_pf_result
8,11,4,4,1.00446,0,0,1,replayed_pf_result
8,11,4,5,1.01712823910394,0,0,1,replayed_pf_result
8,11,4,6,1.01950603862574,0,0,1,replayed_pf_result
8,11,4,7,1.00806055691571,0,0,1,replayed_pf_result
8,11,4,8,1.00630251729915,0,0,1,replayed_pf_result
8,11,4,9,1.02270618172022,0,0,1,replayed_pf_result
8,11,4,10,1.02522300275163,0,0,1,replayed_pf_result
8,11,4,11,1.02201148578206,0,0,1,replayed_pf_result
8,11,4,12,1.00836669373702,0,0,1,replayed_pf_result
8,11,4,13,1.01910939398791,0,0,1,replayed_pf_result
8,11,4,14,1.00791968604675,0,0,1,replayed_pf_result
8,11,4,15,0.980225741384507,0,0,1,replayed_pf_result
8,11,4,16,0.982786598766558,0,0,1,replayed_pf_result
8,11,4,17,1.02481753985711,0,0,1,replayed_pf_result
8,11,4,18,1.0315726,0,0,1,replayed_pf_result
8,11,4,19,1.0501068,0,0,1,replayed_pf_result
8,11,4,20,0.99101054,0,0,1,replayed_pf_result
8,11,4,21,0.980518216871891,0,0,1,replayed_pf_result
8,11,4,22,0.996783936650796,0,0,1,replayed_pf_result
8,11,4,23,0.989384296605524,0,0,1,replayed_pf_result
8,11,4,24,0.987207697192572,0,0,1,replayed_pf_result
8,11,4,25,1.02253309257483,0,0,1,replayed_pf_result
8,11,4,26,1.03000578484774,0,0,1,replayed_pf_result
8,11,4,27,1.02196668388559,0,0,1,replayed_pf_result
8,11,4,28,1.02762115209059,0,0,1,replayed_pf_result
8,11,4,29,1.02653222652401,0,0,1,replayed_pf_result
8,11,4,30,1,0,0,1,replayed_pf_result
8,11,4,31,1,0,0,1,replayed_pf_result
8,11,4,32,1,0,0,1,replayed_pf_result
8,11,4,33,0.9972,0,0,1,replayed_pf_result
8,11,4,34,1.0123,0,0,1,replayed_pf_result
8,11,4,35,1,0,0,1,replayed_pf_result
8,11,4,36,1,0,0,1,replayed_pf_result
8,11,4,37,1,0,0,1,replayed_pf_result
8,11,4,38,1,0,0,1,replayed_pf_result
8,11,4,39,1,0,0,1,replayed_pf_result
8,12,1,1,1.0043144067401,0,0,1,replayed_pf_result
8,12,1,2,1.01057727191646,0,0,1,replayed_pf_result
8,12,1,3,0.996029671532496,0,0,1,replayed_pf_result
8,12,1,4,0.973955631000778,0,0,1,replayed_pf_result
8,12,1,5,0.997785515178043,0,0,1,replayed_pf_result
8,12,1,6,1.00063018267688,0,0,1,replayed_pf_result
8,12,1,7,0.988011749204496,0,0,1,replayed_pf_result
8,12,1,8,0.986266826121987,0,0,1,replayed_pf_result
8,12,1,9,1.01324633057826,0,0,1,replayed_pf_result
8,12,1,10,1.00966841186366,0,0,1,replayed_pf_result
8,12,1,11,1.00541582283882,0,0,1,replayed_pf_result
8,12,1,12,0.989938152495705,0,0,1,replayed_pf_result
8,12,1,13,1.00179852834472,0,0,1,replayed_pf_result
8,12,1,14,0.988516925155372,0,0,1,replayed_pf_result
8,12,1,15,0.986587424575418,0,0,1,replayed_pf_result
8,12,1,16,1.00092460607348,0,0,1,replayed_pf_result
8,12,1,17,1.00155190395467,0,0,1,replayed_pf_result
8,12,1,18,0.998052263257704,0,0,1,replayed_pf_result
8,12,1,19,1.03732810872274,0,0,1,replayed_pf_result
8,12,1,20,0.978406496903955,0,0,1,replayed_pf_result
8,12,1,21,0.992775020812949,0,0,1,replayed_pf_result
8,12,1,22,1.0033222554347,0,0,1,replayed_pf_result
8,12,1,23,0.99606927667562,0,0,1,replayed_pf_result
8,12,1,24,1.00392772964214,0,0,1,replayed_pf_result
8,12,1,25,1.02034782843554,0,0,1,replayed_pf_result
8,12,1,26,1.02026022297873,0,0,1,replayed_pf_result
8,12,1,27,1.00570081341657,0,0,1,replayed_pf_result
8,12,1,28,1.02216078466183,0,0,1,replayed_pf_result
8,12,1,29,1.0227705203099,0,0,1,replayed_pf_result
8,12,1,30,1,0,0,1,replayed_pf_result
8,12,1,31,1,0,0,1,replayed_pf_result
8,12,1,32,1,0,0,1,replayed_pf_result
8,12,1,33,1,0,0,1,replayed_pf_result
8,12,1,34,1,0,0,1,replayed_pf_result
8,12,1,35,1,0,0,1,replayed_pf_result
8,12,1,36,1,0,0,1,replayed_pf_result
8,12,1,37,1,0,0,1,replayed_pf_result
8,12,1,38,1,0,0,1,replayed_pf_result
8,12,1,39,1,0,0,1,replayed_pf_result
8,12,2,1,0.997511906972245,0,0,1,replayed_pf_result
8,12,2,2,0.997684644544378,0,0,1,replayed_pf_result
8,12,2,3,0.970293053584549,0,0,1,replayed_pf_result
8,12,2,4,0.93832121601679,0,0,1,replayed_pf_result
8,12,2,5,0.953159607058281,0,0,1,replayed_pf_result
8,12,2,6,0.959643814415299,0,0,1,replayed_pf_result
8,12,2,7,0.935675022949323,0,0,1,replayed_pf_result
8,12,2,8,0.929637223226514,0,0,1,replayed_pf_result
8,12,2,9,0.955783661086949,0,0,1,replayed_pf_result
8,12,2,10,0.992866960948055,0,0,1,replayed_pf_result
8,12,2,11,0.980059021232966,0,0,1,replayed_pf_result
8,12,2,12,0.971080818052836,0,0,1,replayed_pf_result
8,12,2,13,0.990452519038322,0,0,1,replayed_pf_result
8,12,2,14,0.948782424433222,0,0,1,replayed_pf_result
8,12,2,15,0.962197898726329,0,0,1,replayed_pf_result
8,12,2,16,0.984611785179242,0,0,1,replayed_pf_result
8,12,2,17,0.983029958572104,0,0,1,replayed_pf_result
8,12,2,18,0.976737706583999,0,0,1,replayed_pf_result
8,12,2,19,1.03132981470618,0,0,1,replayed_pf_result
8,12,2,20,0.975131425671073,0,0,1,replayed_pf_result
8,12,2,21,0.981268500292668,0,0,1,replayed_pf_result
8,12,2,22,0.99715304458052,0,0,1,replayed_pf_result
8,12,2,23,0.98967967237314,0,0,1,replayed_pf_result
8,12,2,24,0.989056582018479,0,0,1,replayed_pf_result
8,12,2,25,1.00481514972542,0,0,1,replayed_pf_result
8,12,2,26,1.00492785537345,0,0,1,replayed_pf_result
8,12,2,27,0.988185096729929,0,0,1,replayed_pf_result
8,12,2,28,1.01425210080266,0,0,1,replayed_pf_result
8,12,2,29,1.01735084254532,0,0,1,replayed_pf_result
8,12,2,30,1,0,0,1,replayed_pf_result
8,12,2,31,1,0,0,1,replayed_pf_result
8,12,2,32,1,0,0,1,replayed_pf_result
8,12,2,33,1,0,0,1,replayed_pf_result
8,12,2,34,1,0,0,1,replayed_pf_result
8,12,2,35,1,0,0,1,replayed_pf_result
8,12,2,36,1,0,0,1,replayed_pf_result
8,12,2,37,1,0,0,1,replayed_pf_result
8,12,2,38,1,0,0,1,replayed_pf_result
8,12,2,39,1,0,0,1,replayed_pf_result
8,12,3,1,1.01141365334966,0,0,1,replayed_after_load_shedding
8,12,3,2,1.01865840706863,0,0,1,replayed_after_load_shedding
8,12,3,3,0.892138811977544,0.00786118802245572,0.459305811052638,1,replayed_after_load_shedding
8,12,3,4,0.871878565688159,0.028121434311841,1.6598310040943,1,replayed_after_load_shedding
8,12,3,5,0.963163930188145,0,0,1,replayed_after_load_shedding
8,12,3,6,0.970390762916563,0,0,1,replayed_after_load_shedding
8,12,3,7,0.935156683156781,0,0,1,replayed_after_load_shedding
8,12,3,8,0.939661349744929,0,0,1,replayed_after_load_shedding
8,12,3,9,0.991141601000286,0,0,1,replayed_after_load_shedding
8,12,3,10,1.0178431,0,0,1,replayed_after_load_shedding
8,12,3,11,1.0133858,0,0,1,replayed_after_load_shedding
8,12,3,12,1.000815,0,0,1,replayed_after_load_shedding
8,12,3,13,1.014923,0,0,1,replayed_after_load_shedding
8,12,3,14,0.887681735998039,0.0123182640019611,0.721327904454434,1,replayed_after_load_shedding
8,12,3,15,0.914936941411505,0,0,1,replayed_after_load_shedding
8,12,3,16,0.944552079666803,0,0,1,replayed_after_load_shedding
8,12,3,17,0.925932064699887,0,0,1,replayed_after_load_shedding
8,12,3,18,0.909696223824479,0,0,1,replayed_after_load_shedding
8,12,3,19,1.01698641471936,0,0,1,replayed_after_load_shedding
8,12,3,20,0.968525941072455,0,0,1,replayed_after_load_shedding
8,12,3,21,0.95406502431765,0,0,1,replayed_after_load_shedding
8,12,3,22,0.982624336981089,0,0,1,replayed_after_load_shedding
8,12,3,23,0.974804553668617,0,0,1,replayed_after_load_shedding
8,12,3,24,0.95214078924421,0,0,1,replayed_after_load_shedding
8,12,3,25,0.988849843641945,0,0,1,replayed_after_load_shedding
8,12,3,26,0.954675534592785,0,0,1,replayed_after_load_shedding
8,12,3,27,0.92729836037737,0,0,1,replayed_after_load_shedding
8,12,3,28,0.989181123691853,0,0,1,replayed_after_load_shedding
8,12,3,29,1.00020588902805,0,0,1,replayed_after_load_shedding
8,12,3,30,1,0,0,1,replayed_after_load_shedding
8,12,3,31,1,0,0,1,replayed_after_load_shedding
8,12,3,32,0.9841,0,0,1,replayed_after_load_shedding
8,12,3,33,1,0,0,1,replayed_after_load_shedding
8,12,3,34,1,0,0,1,replayed_after_load_shedding
8,12,3,35,1,0,0,1,replayed_after_load_shedding
8,12,3,36,1,0,0,1,replayed_after_load_shedding
8,12,3,37,1,0,0,1,replayed_after_load_shedding
8,12,3,38,1,0,0,1,replayed_after_load_shedding
8,12,3,39,1,0,0,1,replayed_after_load_shedding
8,13,1,1,1.0043144067401,0,0,1,replayed_pf_result
8,13,1,2,1.01057727191646,0,0,1,replayed_pf_result
8,13,1,3,0.996029671532496,0,0,1,replayed_pf_result
8,13,1,4,0.973955631000778,0,0,1,replayed_pf_result
8,13,1,5,0.997785515178043,0,0,1,replayed_pf_result
8,13,1,6,1.00063018267688,0,0,1,replayed_pf_result
8,13,1,7,0.988011749204496,0,0,1,replayed_pf_result
8,13,1,8,0.986266826121987,0,0,1,replayed_pf_result
8,13,1,9,1.01324633057826,0,0,1,replayed_pf_result
8,13,1,10,1.00966841186366,0,0,1,replayed_pf_result
8,13,1,11,1.00541582283882,0,0,1,replayed_pf_result
8,13,1,12,0.989938152495705,0,0,1,replayed_pf_result
8,13,1,13,1.00179852834472,0,0,1,replayed_pf_result
8,13,1,14,0.988516925155372,0,0,1,replayed_pf_result
8,13,1,15,0.986587424575418,0,0,1,replayed_pf_result
8,13,1,16,1.00092460607348,0,0,1,replayed_pf_result
8,13,1,17,1.00155190395467,0,0,1,replayed_pf_result
8,13,1,18,0.998052263257704,0,0,1,replayed_pf_result
8,13,1,19,1.03732810872274,0,0,1,replayed_pf_result
8,13,1,20,0.978406496903955,0,0,1,replayed_pf_result
8,13,1,21,0.992775020812949,0,0,1,replayed_pf_result
8,13,1,22,1.0033222554347,0,0,1,replayed_pf_result
8,13,1,23,0.99606927667562,0,0,1,replayed_pf_result
8,13,1,24,1.00392772964214,0,0,1,replayed_pf_result
8,13,1,25,1.02034782843554,0,0,1,replayed_pf_result
8,13,1,26,1.02026022297873,0,0,1,replayed_pf_result
8,13,1,27,1.00570081341657,0,0,1,replayed_pf_result
8,13,1,28,1.02216078466183,0,0,1,replayed_pf_result
8,13,1,29,1.0227705203099,0,0,1,replayed_pf_result
8,13,1,30,1,0,0,1,replayed_pf_result
8,13,1,31,1,0,0,1,replayed_pf_result
8,13,1,32,1,0,0,1,replayed_pf_result
8,13,1,33,1,0,0,1,replayed_pf_result
8,13,1,34,1,0,0,1,replayed_pf_result
8,13,1,35,1,0,0,1,replayed_pf_result
8,13,1,36,1,0,0,1,replayed_pf_result
8,13,1,37,1,0,0,1,replayed_pf_result
8,13,1,38,1,0,0,1,replayed_pf_result
8,13,1,39,1,0,0,1,replayed_pf_result
8,14,1,1,1.0043144067401,0,0,1,replayed_pf_result
8,14,1,2,1.01057727191646,0,0,1,replayed_pf_result
8,14,1,3,0.996029671532496,0,0,1,replayed_pf_result
8,14,1,4,0.973955631000778,0,0,1,replayed_pf_result
8,14,1,5,0.997785515178043,0,0,1,replayed_pf_result
8,14,1,6,1.00063018267688,0,0,1,replayed_pf_result
8,14,1,7,0.988011749204496,0,0,1,replayed_pf_result
8,14,1,8,0.986266826121987,0,0,1,replayed_pf_result
8,14,1,9,1.01324633057826,0,0,1,replayed_pf_result
8,14,1,10,1.00966841186366,0,0,1,replayed_pf_result
8,14,1,11,1.00541582283882,0,0,1,replayed_pf_result
8,14,1,12,0.989938152495705,0,0,1,replayed_pf_result
8,14,1,13,1.00179852834472,0,0,1,replayed_pf_result
8,14,1,14,0.988516925155372,0,0,1,replayed_pf_result
8,14,1,15,0.986587424575418,0,0,1,replayed_pf_result
8,14,1,16,1.00092460607348,0,0,1,replayed_pf_result
8,14,1,17,1.00155190395467,0,0,1,replayed_pf_result
8,14,1,18,0.998052263257704,0,0,1,replayed_pf_result
8,14,1,19,1.03732810872274,0,0,1,replayed_pf_result
8,14,1,20,0.978406496903955,0,0,1,replayed_pf_result
8,14,1,21,0.992775020812949,0,0,1,replayed_pf_result
8,14,1,22,1.0033222554347,0,0,1,replayed_pf_result
8,14,1,23,0.99606927667562,0,0,1,replayed_pf_result
8,14,1,24,1.00392772964214,0,0,1,replayed_pf_result
8,14,1,25,1.02034782843554,0,0,1,replayed_pf_result
8,14,1,26,1.02026022297873,0,0,1,replayed_pf_result
8,14,1,27,1.00570081341657,0,0,1,replayed_pf_result
8,14,1,28,1.02216078466183,0,0,1,replayed_pf_result
8,14,1,29,1.0227705203099,0,0,1,replayed_pf_result
8,14,1,30,1,0,0,1,replayed_pf_result
8,14,1,31,1,0,0,1,replayed_pf_result
8,14,1,32,1,0,0,1,replayed_pf_result
8,14,1,33,1,0,0,1,replayed_pf_result
8,14,1,34,1,0,0,1,replayed_pf_result
8,14,1,35,1,0,0,1,replayed_pf_result
8,14,1,36,1,0,0,1,replayed_pf_result
8,14,1,37,1,0,0,1,replayed_pf_result
8,14,1,38,1,0,0,1,replayed_pf_result
8,14,1,39,1,0,0,1,replayed_pf_result
8,15,1,1,1.0043144067401,0,0,1,replayed_pf_result
8,15,1,2,1.01057727191646,0,0,1,replayed_pf_result
8,15,1,3,0.996029671532496,0,0,1,replayed_pf_result
8,15,1,4,0.973955631000778,0,0,1,replayed_pf_result
8,15,1,5,0.997785515178043,0,0,1,replayed_pf_result
8,15,1,6,1.00063018267688,0,0,1,replayed_pf_result
8,15,1,7,0.988011749204496,0,0,1,replayed_pf_result
8,15,1,8,0.986266826121987,0,0,1,replayed_pf_result
8,15,1,9,1.01324633057826,0,0,1,replayed_pf_result
8,15,1,10,1.00966841186366,0,0,1,replayed_pf_result
8,15,1,11,1.00541582283882,0,0,1,replayed_pf_result
8,15,1,12,0.989938152495705,0,0,1,replayed_pf_result
8,15,1,13,1.00179852834472,0,0,1,replayed_pf_result
8,15,1,14,0.988516925155372,0,0,1,replayed_pf_result
8,15,1,15,0.986587424575418,0,0,1,replayed_pf_result
8,15,1,16,1.00092460607348,0,0,1,replayed_pf_result
8,15,1,17,1.00155190395467,0,0,1,replayed_pf_result
8,15,1,18,0.998052263257704,0,0,1,replayed_pf_result
8,15,1,19,1.03732810872274,0,0,1,replayed_pf_result
8,15,1,20,0.978406496903955,0,0,1,replayed_pf_result
8,15,1,21,0.992775020812949,0,0,1,replayed_pf_result
8,15,1,22,1.0033222554347,0,0,1,replayed_pf_result
8,15,1,23,0.99606927667562,0,0,1,replayed_pf_result
8,15,1,24,1.00392772964214,0,0,1,replayed_pf_result
8,15,1,25,1.02034782843554,0,0,1,replayed_pf_result
8,15,1,26,1.02026022297873,0,0,1,replayed_pf_result
8,15,1,27,1.00570081341657,0,0,1,replayed_pf_result
8,15,1,28,1.02216078466183,0,0,1,replayed_pf_result
8,15,1,29,1.0227705203099,0,0,1,replayed_pf_result
8,15,1,30,1,0,0,1,replayed_pf_result
8,15,1,31,1,0,0,1,replayed_pf_result
8,15,1,32,1,0,0,1,replayed_pf_result
8,15,1,33,1,0,0,1,replayed_pf_result
8,15,1,34,1,0,0,1,replayed_pf_result
8,15,1,35,1,0,0,1,replayed_pf_result
8,15,1,36,1,0,0,1,replayed_pf_result
8,15,1,37,1,0,0,1,replayed_pf_result
8,15,1,38,1,0,0,1,replayed_pf_result
8,15,1,39,1,0,0,1,replayed_pf_result
8,16,1,1,1.0043144067401,0,0,1,replayed_pf_result
8,16,1,2,1.01057727191646,0,0,1,replayed_pf_result
8,16,1,3,0.996029671532496,0,0,1,replayed_pf_result
8,16,1,4,0.973955631000778,0,0,1,replayed_pf_result
8,16,1,5,0.997785515178043,0,0,1,replayed_pf_result
8,16,1,6,1.00063018267688,0,0,1,replayed_pf_result
8,16,1,7,0.988011749204496,0,0,1,replayed_pf_result
8,16,1,8,0.986266826121987,0,0,1,replayed_pf_result
8,16,1,9,1.01324633057826,0,0,1,replayed_pf_result
8,16,1,10,1.00966841186366,0,0,1,replayed_pf_result
8,16,1,11,1.00541582283882,0,0,1,replayed_pf_result
8,16,1,12,0.989938152495705,0,0,1,replayed_pf_result
8,16,1,13,1.00179852834472,0,0,1,replayed_pf_result
8,16,1,14,0.988516925155372,0,0,1,replayed_pf_result
8,16,1,15,0.986587424575418,0,0,1,replayed_pf_result
8,16,1,16,1.00092460607348,0,0,1,replayed_pf_result
8,16,1,17,1.00155190395467,0,0,1,replayed_pf_result
8,16,1,18,0.998052263257704,0,0,1,replayed_pf_result
8,16,1,19,1.03732810872274,0,0,1,replayed_pf_result
8,16,1,20,0.978406496903955,0,0,1,replayed_pf_result
8,16,1,21,0.992775020812949,0,0,1,replayed_pf_result
8,16,1,22,1.0033222554347,0,0,1,replayed_pf_result
8,16,1,23,0.99606927667562,0,0,1,replayed_pf_result
8,16,1,24,1.00392772964214,0,0,1,replayed_pf_result
8,16,1,25,1.02034782843554,0,0,1,replayed_pf_result
8,16,1,26,1.02026022297873,0,0,1,replayed_pf_result
8,16,1,27,1.00570081341657,0,0,1,replayed_pf_result
8,16,1,28,1.02216078466183,0,0,1,replayed_pf_result
8,16,1,29,1.0227705203099,0,0,1,replayed_pf_result
8,16,1,30,1,0,0,1,replayed_pf_result
8,16,1,31,1,0,0,1,replayed_pf_result
8,16,1,32,1,0,0,1,replayed_pf_result
8,16,1,33,1,0,0,1,replayed_pf_result
8,16,1,34,1,0,0,1,replayed_pf_result
8,16,1,35,1,0,0,1,replayed_pf_result
8,16,1,36,1,0,0,1,replayed_pf_result
8,16,1,37,1,0,0,1,replayed_pf_result
8,16,1,38,1,0,0,1,replayed_pf_result
8,16,1,39,1,0,0,1,replayed_pf_result
8,16,2,1,1.00075052876077,0,0,1,replayed_pf_result
8,16,2,2,0.995315910642557,0,0,1,replayed_pf_result
8,16,2,3,0.96008527923375,0,0,1,replayed_pf_result
8,16,2,4,0.904782373567713,0,0,1,replayed_pf_result
8,16,2,5,0.996816265095182,0,0,1,replayed_pf_result
8,16,2,6,1.000075710039,0,0,1,replayed_pf_result
8,16,2,7,0.98621005185809,0,0,1,replayed_pf_result
8,16,2,8,0.983967933716883,0,0,1,replayed_pf_result
8,16,2,9,1.00920089057631,0,0,1,replayed_pf_result
8,16,2,10,1.0134935830364,0,0,1,replayed_pf_result
8,16,2,11,1.00782377931117,0,0,1,replayed_pf_result
8,16,2,12,0.994229455927784,0,0,1,replayed_pf_result
8,16,2,13,1.00769031071604,0,0,1,replayed_pf_result
8,16,2,14,0.998927214374139,0,0,1,replayed_pf_result
8,16,2,15,0.982254113864598,0,0,1,replayed_pf_result
8,16,2,16,0.991896449270866,0,0,1,replayed_pf_result
8,16,2,17,0.9842350515829,0,0,1,replayed_pf_result
8,16,2,18,0.972829433884684,0,0,1,replayed_pf_result
8,16,2,19,1.03400850574279,0,0,1,replayed_pf_result
8,16,2,20,0.976594040021221,0,0,1,replayed_pf_result
8,16,2,21,0.986407713132376,0,0,1,replayed_pf_result
8,16,2,22,0.999908571843453,0,0,1,replayed_pf_result
8,16,2,23,0.992533630744437,0,0,1,replayed_pf_result
8,16,2,24,0.995697504345261,0,0,1,replayed_pf_result
8,16,2,25,1.0114037758541,0,0,1,replayed_pf_result
8,16,2,26,1.01056042893044,0,0,1,replayed_pf_result
8,16,2,27,0.992461995400759,0,0,1,replayed_pf_result
8,16,2,28,1.01715768347123,0,0,1,replayed_pf_result
8,16,2,29,1.01934198898183,0,0,1,replayed_pf_result
8,16,2,30,1,0,0,1,replayed_pf_result
8,16,2,31,1,0,0,1,replayed_pf_result
8,16,2,32,1,0,0,1,replayed_pf_result
8,16,2,33,1,0,0,1,replayed_pf_result
8,16,2,34,1,0,0,1,replayed_pf_result
8,16,2,35,1,0,0,1,replayed_pf_result
8,16,2,36,1,0,0,1,replayed_pf_result
8,16,2,37,1,0,0,1,replayed_pf_result
8,16,2,38,1,0,0,1,replayed_pf_result
8,16,2,39,1,0,0,1,replayed_pf_result
8,16,3,1,1.00237663211947,0,0,1,replayed_pf_result
8,16,3,2,1.01960648100829,0,0,1,replayed_pf_result
8,16,3,3,0.989936241808157,0,0,1,replayed_pf_result
8,16,3,4,1.00446,0,0,1,replayed_pf_result
8,16,3,5,1.01559434051397,0,0,1,replayed_pf_result
8,16,3,6,1.01829488049247,0,0,1,replayed_pf_result
8,16,3,7,1.00592999649629,0,0,1,replayed_pf_result
8,16,3,8,1.00407466322985,0,0,1,replayed_pf_result
8,16,3,9,1.0229141365107,0,0,1,replayed_pf_result
8,16,3,10,1.02744865020406,0,0,1,replayed_pf_result
8,16,3,11,1.02305935791078,0,0,1,replayed_pf_result
8,16,3,12,1.00987924530152,0,0,1,replayed_pf_result
8,16,3,13,1.02293146568781,0,0,1,replayed_pf_result
8,16,3,14,1.01596304607755,0,0,1,replayed_pf_result
8,16,3,15,0.996906469771469,0,0,1,replayed_pf_result
8,16,3,16,1.00369287232455,0,0,1,replayed_pf_result
8,16,3,17,0.99911480757101,0,0,1,replayed_pf_result
8,16,3,18,0.993375609734122,0,0,1,replayed_pf_result
8,16,3,19,1.03834594122814,0,0,1,replayed_pf_result
8,16,3,20,0.978962195618191,0,0,1,replayed_pf_result
8,16,3,21,0.994726985389435,0,0,1,replayed_pf_result
8,16,3,22,1.004368685872,0,0,1,replayed_pf_result
8,16,3,23,0.997153097955282,0,0,1,replayed_pf_result
8,16,3,24,1.0064513042537,0,0,1,replayed_pf_result
8,16,3,25,1.01568633997675,0,0,1,replayed_pf_result
8,16,3,26,1.01307264559897,0,0,1,replayed_pf_result
8,16,3,27,0.999449543464708,0,0,1,replayed_pf_result
8,16,3,28,1.01845354026639,0,0,1,replayed_pf_result
8,16,3,29,1.02023001640807,0,0,1,replayed_pf_result
8,16,3,30,1,0,0,1,replayed_pf_result
8,16,3,31,1,0,0,1,replayed_pf_result
8,16,3,32,1,0,0,1,replayed_pf_result
8,16,3,33,1,0,0,1,replayed_pf_result
8,16,3,34,1,0,0,1,replayed_pf_result
8,16,3,35,1,0,0,1,replayed_pf_result
8,16,3,36,1,0,0,1,replayed_pf_result
8,16,3,37,1,0,0,1,replayed_pf_result
8,16,3,38,1,0,0,1,replayed_pf_result
8,16,3,39,1,0,0,1,replayed_pf_result
8,17,1,1,1.0043144067401,0,0,1,replayed_pf_result
8,17,1,2,1.01057727191646,0,0,1,replayed_pf_result
8,17,1,3,0.996029671532496,0,0,1,replayed_pf_result
8,17,1,4,0.973955631000778,0,0,1,replayed_pf_result
8,17,1,5,0.997785515178043,0,0,1,replayed_pf_result
8,17,1,6,1.00063018267688,0,0,1,replayed_pf_result
8,17,1,7,0.988011749204496,0,0,1,replayed_pf_result
8,17,1,8,0.986266826121987,0,0,1,replayed_pf_result
8,17,1,9,1.01324633057826,0,0,1,replayed_pf_result
8,17,1,10,1.00966841186366,0,0,1,replayed_pf_result
8,17,1,11,1.00541582283882,0,0,1,replayed_pf_result
8,17,1,12,0.989938152495705,0,0,1,replayed_pf_result
8,17,1,13,1.00179852834472,0,0,1,replayed_pf_result
8,17,1,14,0.988516925155372,0,0,1,replayed_pf_result
8,17,1,15,0.986587424575418,0,0,1,replayed_pf_result
8,17,1,16,1.00092460607348,0,0,1,replayed_pf_result
8,17,1,17,1.00155190395467,0,0,1,replayed_pf_result
8,17,1,18,0.998052263257704,0,0,1,replayed_pf_result
8,17,1,19,1.03732810872274,0,0,1,replayed_pf_result
8,17,1,20,0.978406496903955,0,0,1,replayed_pf_result
8,17,1,21,0.992775020812949,0,0,1,replayed_pf_result
8,17,1,22,1.0033222554347,0,0,1,replayed_pf_result
8,17,1,23,0.99606927667562,0,0,1,replayed_pf_result
8,17,1,24,1.00392772964214,0,0,1,replayed_pf_result
8,17,1,25,1.02034782843554,0,0,1,replayed_pf_result
8,17,1,26,1.02026022297873,0,0,1,replayed_pf_result
8,17,1,27,1.00570081341657,0,0,1,replayed_pf_result
8,17,1,28,1.02216078466183,0,0,1,replayed_pf_result
8,17,1,29,1.0227705203099,0,0,1,replayed_pf_result
8,17,1,30,1,0,0,1,replayed_pf_result
8,17,1,31,1,0,0,1,replayed_pf_result
8,17,1,32,1,0,0,1,replayed_pf_result
8,17,1,33,1,0,0,1,replayed_pf_result
8,17,1,34,1,0,0,1,replayed_pf_result
8,17,1,35,1,0,0,1,replayed_pf_result
8,17,1,36,1,0,0,1,replayed_pf_result
8,17,1,37,1,0,0,1,replayed_pf_result
8,17,1,38,1,0,0,1,replayed_pf_result
8,17,1,39,1,0,0,1,replayed_pf_result
8,18,1,1,1.0043144067401,0,0,1,replayed_pf_result
8,18,1,2,1.01057727191646,0,0,1,replayed_pf_result
8,18,1,3,0.996029671532496,0,0,1,replayed_pf_result
8,18,1,4,0.973955631000778,0,0,1,replayed_pf_result
8,18,1,5,0.997785515178043,0,0,1,replayed_pf_result
8,18,1,6,1.00063018267688,0,0,1,replayed_pf_result
8,18,1,7,0.988011749204496,0,0,1,replayed_pf_result
8,18,1,8,0.986266826121987,0,0,1,replayed_pf_result
8,18,1,9,1.01324633057826,0,0,1,replayed_pf_result
8,18,1,10,1.00966841186366,0,0,1,replayed_pf_result
8,18,1,11,1.00541582283882,0,0,1,replayed_pf_result
8,18,1,12,0.989938152495705,0,0,1,replayed_pf_result
8,18,1,13,1.00179852834472,0,0,1,replayed_pf_result
8,18,1,14,0.988516925155372,0,0,1,replayed_pf_result
8,18,1,15,0.986587424575418,0,0,1,replayed_pf_result
8,18,1,16,1.00092460607348,0,0,1,replayed_pf_result
8,18,1,17,1.00155190395467,0,0,1,replayed_pf_result
8,18,1,18,0.998052263257704,0,0,1,replayed_pf_result
8,18,1,19,1.03732810872274,0,0,1,replayed_pf_result
8,18,1,20,0.978406496903955,0,0,1,replayed_pf_result
8,18,1,21,0.992775020812949,0,0,1,replayed_pf_result
8,18,1,22,1.0033222554347,0,0,1,replayed_pf_result
8,18,1,23,0.99606927667562,0,0,1,replayed_pf_result
8,18,1,24,1.00392772964214,0,0,1,replayed_pf_result
8,18,1,25,1.02034782843554,0,0,1,replayed_pf_result
8,18,1,26,1.02026022297873,0,0,1,replayed_pf_result
8,18,1,27,1.00570081341657,0,0,1,replayed_pf_result
8,18,1,28,1.02216078466183,0,0,1,replayed_pf_result
8,18,1,29,1.0227705203099,0,0,1,replayed_pf_result
8,18,1,30,1,0,0,1,replayed_pf_result
8,18,1,31,1,0,0,1,replayed_pf_result
8,18,1,32,1,0,0,1,replayed_pf_result
8,18,1,33,1,0,0,1,replayed_pf_result
8,18,1,34,1,0,0,1,replayed_pf_result
8,18,1,35,1,0,0,1,replayed_pf_result
8,18,1,36,1,0,0,1,replayed_pf_result
8,18,1,37,1,0,0,1,replayed_pf_result
8,18,1,38,1,0,0,1,replayed_pf_result
8,18,1,39,1,0,0,1,replayed_pf_result
8,19,1,1,1.0043144067401,0,0,1,replayed_pf_result
8,19,1,2,1.01057727191646,0,0,1,replayed_pf_result
8,19,1,3,0.996029671532496,0,0,1,replayed_pf_result
8,19,1,4,0.973955631000778,0,0,1,replayed_pf_result
8,19,1,5,0.997785515178043,0,0,1,replayed_pf_result
8,19,1,6,1.00063018267688,0,0,1,replayed_pf_result
8,19,1,7,0.988011749204496,0,0,1,replayed_pf_result
8,19,1,8,0.986266826121987,0,0,1,replayed_pf_result
8,19,1,9,1.01324633057826,0,0,1,replayed_pf_result
8,19,1,10,1.00966841186366,0,0,1,replayed_pf_result
8,19,1,11,1.00541582283882,0,0,1,replayed_pf_result
8,19,1,12,0.989938152495705,0,0,1,replayed_pf_result
8,19,1,13,1.00179852834472,0,0,1,replayed_pf_result
8,19,1,14,0.988516925155372,0,0,1,replayed_pf_result
8,19,1,15,0.986587424575418,0,0,1,replayed_pf_result
8,19,1,16,1.00092460607348,0,0,1,replayed_pf_result
8,19,1,17,1.00155190395467,0,0,1,replayed_pf_result
8,19,1,18,0.998052263257704,0,0,1,replayed_pf_result
8,19,1,19,1.03732810872274,0,0,1,replayed_pf_result
8,19,1,20,0.978406496903955,0,0,1,replayed_pf_result
8,19,1,21,0.992775020812949,0,0,1,replayed_pf_result
8,19,1,22,1.0033222554347,0,0,1,replayed_pf_result
8,19,1,23,0.99606927667562,0,0,1,replayed_pf_result
8,19,1,24,1.00392772964214,0,0,1,replayed_pf_result
8,19,1,25,1.02034782843554,0,0,1,replayed_pf_result
8,19,1,26,1.02026022297873,0,0,1,replayed_pf_result
8,19,1,27,1.00570081341657,0,0,1,replayed_pf_result
8,19,1,28,1.02216078466183,0,0,1,replayed_pf_result
8,19,1,29,1.0227705203099,0,0,1,replayed_pf_result
8,19,1,30,1,0,0,1,replayed_pf_result
8,19,1,31,1,0,0,1,replayed_pf_result
8,19,1,32,1,0,0,1,replayed_pf_result
8,19,1,33,1,0,0,1,replayed_pf_result
8,19,1,34,1,0,0,1,replayed_pf_result
8,19,1,35,1,0,0,1,replayed_pf_result
8,19,1,36,1,0,0,1,replayed_pf_result
8,19,1,37,1,0,0,1,replayed_pf_result
8,19,1,38,1,0,0,1,replayed_pf_result
8,19,1,39,1,0,0,1,replayed_pf_result
8,20,1,1,1.0043144067401,0,0,1,replayed_pf_result
8,20,1,2,1.01057727191646,0,0,1,replayed_pf_result
8,20,1,3,0.996029671532496,0,0,1,replayed_pf_result
8,20,1,4,0.973955631000778,0,0,1,replayed_pf_result
8,20,1,5,0.997785515178043,0,0,1,replayed_pf_result
8,20,1,6,1.00063018267688,0,0,1,replayed_pf_result
8,20,1,7,0.988011749204496,0,0,1,replayed_pf_result
8,20,1,8,0.986266826121987,0,0,1,replayed_pf_result
8,20,1,9,1.01324633057826,0,0,1,replayed_pf_result
8,20,1,10,1.00966841186366,0,0,1,replayed_pf_result
8,20,1,11,1.00541582283882,0,0,1,replayed_pf_result
8,20,1,12,0.989938152495705,0,0,1,replayed_pf_result
8,20,1,13,1.00179852834472,0,0,1,replayed_pf_result
8,20,1,14,0.988516925155372,0,0,1,replayed_pf_result
8,20,1,15,0.986587424575418,0,0,1,replayed_pf_result
8,20,1,16,1.00092460607348,0,0,1,replayed_pf_result
8,20,1,17,1.00155190395467,0,0,1,replayed_pf_result
8,20,1,18,0.998052263257704,0,0,1,replayed_pf_result
8,20,1,19,1.03732810872274,0,0,1,replayed_pf_result
8,20,1,20,0.978406496903955,0,0,1,replayed_pf_result
8,20,1,21,0.992775020812949,0,0,1,replayed_pf_result
8,20,1,22,1.0033222554347,0,0,1,replayed_pf_result
8,20,1,23,0.99606927667562,0,0,1,replayed_pf_result
8,20,1,24,1.00392772964214,0,0,1,replayed_pf_result
8,20,1,25,1.02034782843554,0,0,1,replayed_pf_result
8,20,1,26,1.02026022297873,0,0,1,replayed_pf_result
8,20,1,27,1.00570081341657,0,0,1,replayed_pf_result
8,20,1,28,1.02216078466183,0,0,1,replayed_pf_result
8,20,1,29,1.0227705203099,0,0,1,replayed_pf_result
8,20,1,30,1,0,0,1,replayed_pf_result
8,20,1,31,1,0,0,1,replayed_pf_result
8,20,1,32,1,0,0,1,replayed_pf_result
8,20,1,33,1,0,0,1,replayed_pf_result
8,20,1,34,1,0,0,1,replayed_pf_result
8,20,1,35,1,0,0,1,replayed_pf_result
8,20,1,36,1,0,0,1,replayed_pf_result
8,20,1,37,1,0,0,1,replayed_pf_result
8,20,1,38,1,0,0,1,replayed_pf_result
8,20,1,39,1,0,0,1,replayed_pf_result
9,1,1,1,1.00274939785868,0,0,1,replayed_pf_result
9,1,1,2,1.01021734230663,0,0,1,replayed_pf_result
9,1,1,3,0.996511374165209,0,0,1,replayed_pf_result
9,1,1,4,0.973354358544748,0,0,1,replayed_pf_result
9,1,1,5,0.987103084859934,0,0,1,replayed_pf_result
9,1,1,6,0.99256818979658,0,0,1,replayed_pf_result
9,1,1,7,0.979694442432959,0,0,1,replayed_pf_result
9,1,1,8,0.977910010054708,0,0,1,replayed_pf_result
9,1,1,9,1.01077133388025,0,0,1,replayed_pf_result
9,1,1,10,1.01332494872007,0,0,1,replayed_pf_result
9,1,1,11,1.00503731913889,0,0,1,replayed_pf_result
9,1,1,12,0.994040286693736,0,0,1,replayed_pf_result
9,1,1,13,1.01008222299591,0,0,1,replayed_pf_result
9,1,1,14,1.00672887571936,0,0,1,replayed_pf_result
9,1,1,15,0.995082647327043,0,0,1,replayed_pf_result
9,1,1,16,1.00506582891245,0,0,1,replayed_pf_result
9,1,1,17,1.00424286692593,0,0,1,replayed_pf_result
9,1,1,18,0.999852278847037,0,0,1,replayed_pf_result
9,1,1,19,1.03885074058456,0,0,1,replayed_pf_result
9,1,1,20,0.979237793205131,0,0,1,replayed_pf_result
9,1,1,21,0.995695015181646,0,0,1,replayed_pf_result
9,1,1,22,1.00488762578673,0,0,1,replayed_pf_result
9,1,1,23,0.9976905812948,0,0,1,replayed_pf_result
9,1,1,24,1.00770289866171,0,0,1,replayed_pf_result
9,1,1,25,1.02116554840048,0,0,1,replayed_pf_result
9,1,1,26,1.02184483165209,0,0,1,replayed_pf_result
9,1,1,27,1.00786447906917,0,0,1,replayed_pf_result
9,1,1,28,1.02297804916938,0,0,1,replayed_pf_result
9,1,1,29,1.02333057524753,0,0,1,replayed_pf_result
9,1,1,30,1,0,0,1,replayed_pf_result
9,1,1,31,1,0,0,1,replayed_pf_result
9,1,1,32,1,0,0,1,replayed_pf_result
9,1,1,33,1,0,0,1,replayed_pf_result
9,1,1,34,1,0,0,1,replayed_pf_result
9,1,1,35,1,0,0,1,replayed_pf_result
9,1,1,36,1,0,0,1,replayed_pf_result
9,1,1,37,1,0,0,1,replayed_pf_result
9,1,1,38,1,0,0,1,replayed_pf_result
9,1,1,39,1,0,0,1,replayed_pf_result
9,2,1,1,1.00274939785868,0,0,1,replayed_pf_result
9,2,1,2,1.01021734230663,0,0,1,replayed_pf_result
9,2,1,3,0.996511374165209,0,0,1,replayed_pf_result
9,2,1,4,0.973354358544748,0,0,1,replayed_pf_result
9,2,1,5,0.987103084859934,0,0,1,replayed_pf_result
9,2,1,6,0.99256818979658,0,0,1,replayed_pf_result
9,2,1,7,0.979694442432959,0,0,1,replayed_pf_result
9,2,1,8,0.977910010054708,0,0,1,replayed_pf_result
9,2,1,9,1.01077133388025,0,0,1,replayed_pf_result
9,2,1,10,1.01332494872007,0,0,1,replayed_pf_result
9,2,1,11,1.00503731913889,0,0,1,replayed_pf_result
9,2,1,12,0.994040286693736,0,0,1,replayed_pf_result
9,2,1,13,1.01008222299591,0,0,1,replayed_pf_result
9,2,1,14,1.00672887571936,0,0,1,replayed_pf_result
9,2,1,15,0.995082647327043,0,0,1,replayed_pf_result
9,2,1,16,1.00506582891245,0,0,1,replayed_pf_result
9,2,1,17,1.00424286692593,0,0,1,replayed_pf_result
9,2,1,18,0.999852278847037,0,0,1,replayed_pf_result
9,2,1,19,1.03885074058456,0,0,1,replayed_pf_result
9,2,1,20,0.979237793205131,0,0,1,replayed_pf_result
9,2,1,21,0.995695015181646,0,0,1,replayed_pf_result
9,2,1,22,1.00488762578673,0,0,1,replayed_pf_result
9,2,1,23,0.9976905812948,0,0,1,replayed_pf_result
9,2,1,24,1.00770289866171,0,0,1,replayed_pf_result
9,2,1,25,1.02116554840048,0,0,1,replayed_pf_result
9,2,1,26,1.02184483165209,0,0,1,replayed_pf_result
9,2,1,27,1.00786447906917,0,0,1,replayed_pf_result
9,2,1,28,1.02297804916938,0,0,1,replayed_pf_result
9,2,1,29,1.02333057524753,0,0,1,replayed_pf_result
9,2,1,30,1,0,0,1,replayed_pf_result
9,2,1,31,1,0,0,1,replayed_pf_result
9,2,1,32,1,0,0,1,replayed_pf_result
9,2,1,33,1,0,0,1,replayed_pf_result
9,2,1,34,1,0,0,1,replayed_pf_result
9,2,1,35,1,0,0,1,replayed_pf_result
9,2,1,36,1,0,0,1,replayed_pf_result
9,2,1,37,1,0,0,1,replayed_pf_result
9,2,1,38,1,0,0,1,replayed_pf_result
9,2,1,39,1,0,0,1,replayed_pf_result
9,3,1,1,1.00274939785868,0,0,1,replayed_pf_result
9,3,1,2,1.01021734230663,0,0,1,replayed_pf_result
9,3,1,3,0.996511374165209,0,0,1,replayed_pf_result
9,3,1,4,0.973354358544748,0,0,1,replayed_pf_result
9,3,1,5,0.987103084859934,0,0,1,replayed_pf_result
9,3,1,6,0.99256818979658,0,0,1,replayed_pf_result
9,3,1,7,0.979694442432959,0,0,1,replayed_pf_result
9,3,1,8,0.977910010054708,0,0,1,replayed_pf_result
9,3,1,9,1.01077133388025,0,0,1,replayed_pf_result
9,3,1,10,1.01332494872007,0,0,1,replayed_pf_result
9,3,1,11,1.00503731913889,0,0,1,replayed_pf_result
9,3,1,12,0.994040286693736,0,0,1,replayed_pf_result
9,3,1,13,1.01008222299591,0,0,1,replayed_pf_result
9,3,1,14,1.00672887571936,0,0,1,replayed_pf_result
9,3,1,15,0.995082647327043,0,0,1,replayed_pf_result
9,3,1,16,1.00506582891245,0,0,1,replayed_pf_result
9,3,1,17,1.00424286692593,0,0,1,replayed_pf_result
9,3,1,18,0.999852278847037,0,0,1,replayed_pf_result
9,3,1,19,1.03885074058456,0,0,1,replayed_pf_result
9,3,1,20,0.979237793205131,0,0,1,replayed_pf_result
9,3,1,21,0.995695015181646,0,0,1,replayed_pf_result
9,3,1,22,1.00488762578673,0,0,1,replayed_pf_result
9,3,1,23,0.9976905812948,0,0,1,replayed_pf_result
9,3,1,24,1.00770289866171,0,0,1,replayed_pf_result
9,3,1,25,1.02116554840048,0,0,1,replayed_pf_result
9,3,1,26,1.02184483165209,0,0,1,replayed_pf_result
9,3,1,27,1.00786447906917,0,0,1,replayed_pf_result
9,3,1,28,1.02297804916938,0,0,1,replayed_pf_result
9,3,1,29,1.02333057524753,0,0,1,replayed_pf_result
9,3,1,30,1,0,0,1,replayed_pf_result
9,3,1,31,1,0,0,1,replayed_pf_result
9,3,1,32,1,0,0,1,replayed_pf_result
9,3,1,33,1,0,0,1,replayed_pf_result
9,3,1,34,1,0,0,1,replayed_pf_result
9,3,1,35,1,0,0,1,replayed_pf_result
9,3,1,36,1,0,0,1,replayed_pf_result
9,3,1,37,1,0,0,1,replayed_pf_result
9,3,1,38,1,0,0,1,replayed_pf_result
9,3,1,39,1,0,0,1,replayed_pf_result
9,4,1,1,1.00274939785868,0,0,1,replayed_pf_result
9,4,1,2,1.01021734230663,0,0,1,replayed_pf_result
9,4,1,3,0.996511374165209,0,0,1,replayed_pf_result
9,4,1,4,0.973354358544748,0,0,1,replayed_pf_result
9,4,1,5,0.987103084859934,0,0,1,replayed_pf_result
9,4,1,6,0.99256818979658,0,0,1,replayed_pf_result
9,4,1,7,0.979694442432959,0,0,1,replayed_pf_result
9,4,1,8,0.977910010054708,0,0,1,replayed_pf_result
9,4,1,9,1.01077133388025,0,0,1,replayed_pf_result
9,4,1,10,1.01332494872007,0,0,1,replayed_pf_result
9,4,1,11,1.00503731913889,0,0,1,replayed_pf_result
9,4,1,12,0.994040286693736,0,0,1,replayed_pf_result
9,4,1,13,1.01008222299591,0,0,1,replayed_pf_result
9,4,1,14,1.00672887571936,0,0,1,replayed_pf_result
9,4,1,15,0.995082647327043,0,0,1,replayed_pf_result
9,4,1,16,1.00506582891245,0,0,1,replayed_pf_result
9,4,1,17,1.00424286692593,0,0,1,replayed_pf_result
9,4,1,18,0.999852278847037,0,0,1,replayed_pf_result
9,4,1,19,1.03885074058456,0,0,1,replayed_pf_result
9,4,1,20,0.979237793205131,0,0,1,replayed_pf_result
9,4,1,21,0.995695015181646,0,0,1,replayed_pf_result
9,4,1,22,1.00488762578673,0,0,1,replayed_pf_result
9,4,1,23,0.9976905812948,0,0,1,replayed_pf_result
9,4,1,24,1.00770289866171,0,0,1,replayed_pf_result
9,4,1,25,1.02116554840048,0,0,1,replayed_pf_result
9,4,1,26,1.02184483165209,0,0,1,replayed_pf_result
9,4,1,27,1.00786447906917,0,0,1,replayed_pf_result
9,4,1,28,1.02297804916938,0,0,1,replayed_pf_result
9,4,1,29,1.02333057524753,0,0,1,replayed_pf_result
9,4,1,30,1,0,0,1,replayed_pf_result
9,4,1,31,1,0,0,1,replayed_pf_result
9,4,1,32,1,0,0,1,replayed_pf_result
9,4,1,33,1,0,0,1,replayed_pf_result
9,4,1,34,1,0,0,1,replayed_pf_result
9,4,1,35,1,0,0,1,replayed_pf_result
9,4,1,36,1,0,0,1,replayed_pf_result
9,4,1,37,1,0,0,1,replayed_pf_result
9,4,1,38,1,0,0,1,replayed_pf_result
9,4,1,39,1,0,0,1,replayed_pf_result
9,5,1,1,1.00274939785868,0,0,1,replayed_pf_result
9,5,1,2,1.01021734230663,0,0,1,replayed_pf_result
9,5,1,3,0.996511374165209,0,0,1,replayed_pf_result
9,5,1,4,0.973354358544748,0,0,1,replayed_pf_result
9,5,1,5,0.987103084859934,0,0,1,replayed_pf_result
9,5,1,6,0.99256818979658,0,0,1,replayed_pf_result
9,5,1,7,0.979694442432959,0,0,1,replayed_pf_result
9,5,1,8,0.977910010054708,0,0,1,replayed_pf_result
9,5,1,9,1.01077133388025,0,0,1,replayed_pf_result
9,5,1,10,1.01332494872007,0,0,1,replayed_pf_result
9,5,1,11,1.00503731913889,0,0,1,replayed_pf_result
9,5,1,12,0.994040286693736,0,0,1,replayed_pf_result
9,5,1,13,1.01008222299591,0,0,1,replayed_pf_result
9,5,1,14,1.00672887571936,0,0,1,replayed_pf_result
9,5,1,15,0.995082647327043,0,0,1,replayed_pf_result
9,5,1,16,1.00506582891245,0,0,1,replayed_pf_result
9,5,1,17,1.00424286692593,0,0,1,replayed_pf_result
9,5,1,18,0.999852278847037,0,0,1,replayed_pf_result
9,5,1,19,1.03885074058456,0,0,1,replayed_pf_result
9,5,1,20,0.979237793205131,0,0,1,replayed_pf_result
9,5,1,21,0.995695015181646,0,0,1,replayed_pf_result
9,5,1,22,1.00488762578673,0,0,1,replayed_pf_result
9,5,1,23,0.9976905812948,0,0,1,replayed_pf_result
9,5,1,24,1.00770289866171,0,0,1,replayed_pf_result
9,5,1,25,1.02116554840048,0,0,1,replayed_pf_result
9,5,1,26,1.02184483165209,0,0,1,replayed_pf_result
9,5,1,27,1.00786447906917,0,0,1,replayed_pf_result
9,5,1,28,1.02297804916938,0,0,1,replayed_pf_result
9,5,1,29,1.02333057524753,0,0,1,replayed_pf_result
9,5,1,30,1,0,0,1,replayed_pf_result
9,5,1,31,1,0,0,1,replayed_pf_result
9,5,1,32,1,0,0,1,replayed_pf_result
9,5,1,33,1,0,0,1,replayed_pf_result
9,5,1,34,1,0,0,1,replayed_pf_result
9,5,1,35,1,0,0,1,replayed_pf_result
9,5,1,36,1,0,0,1,replayed_pf_result
9,5,1,37,1,0,0,1,replayed_pf_result
9,5,1,38,1,0,0,1,replayed_pf_result
9,5,1,39,1,0,0,1,replayed_pf_result
9,6,1,1,1.00274939785868,0,0,1,replayed_pf_result
9,6,1,2,1.01021734230663,0,0,1,replayed_pf_result
9,6,1,3,0.996511374165209,0,0,1,replayed_pf_result
9,6,1,4,0.973354358544748,0,0,1,replayed_pf_result
9,6,1,5,0.987103084859934,0,0,1,replayed_pf_result
9,6,1,6,0.99256818979658,0,0,1,replayed_pf_result
9,6,1,7,0.979694442432959,0,0,1,replayed_pf_result
9,6,1,8,0.977910010054708,0,0,1,replayed_pf_result
9,6,1,9,1.01077133388025,0,0,1,replayed_pf_result
9,6,1,10,1.01332494872007,0,0,1,replayed_pf_result
9,6,1,11,1.00503731913889,0,0,1,replayed_pf_result
9,6,1,12,0.994040286693736,0,0,1,replayed_pf_result
9,6,1,13,1.01008222299591,0,0,1,replayed_pf_result
9,6,1,14,1.00672887571936,0,0,1,replayed_pf_result
9,6,1,15,0.995082647327043,0,0,1,replayed_pf_result
9,6,1,16,1.00506582891245,0,0,1,replayed_pf_result
9,6,1,17,1.00424286692593,0,0,1,replayed_pf_result
9,6,1,18,0.999852278847037,0,0,1,replayed_pf_result
9,6,1,19,1.03885074058456,0,0,1,replayed_pf_result
9,6,1,20,0.979237793205131,0,0,1,replayed_pf_result
9,6,1,21,0.995695015181646,0,0,1,replayed_pf_result
9,6,1,22,1.00488762578673,0,0,1,replayed_pf_result
9,6,1,23,0.9976905812948,0,0,1,replayed_pf_result
9,6,1,24,1.00770289866171,0,0,1,replayed_pf_result
9,6,1,25,1.02116554840048,0,0,1,replayed_pf_result
9,6,1,26,1.02184483165209,0,0,1,replayed_pf_result
9,6,1,27,1.00786447906917,0,0,1,replayed_pf_result
9,6,1,28,1.02297804916938,0,0,1,replayed_pf_result
9,6,1,29,1.02333057524753,0,0,1,replayed_pf_result
9,6,1,30,1,0,0,1,replayed_pf_result
9,6,1,31,1,0,0,1,replayed_pf_result
9,6,1,32,1,0,0,1,replayed_pf_result
9,6,1,33,1,0,0,1,replayed_pf_result
9,6,1,34,1,0,0,1,replayed_pf_result
9,6,1,35,1,0,0,1,replayed_pf_result
9,6,1,36,1,0,0,1,replayed_pf_result
9,6,1,37,1,0,0,1,replayed_pf_result
9,6,1,38,1,0,0,1,replayed_pf_result
9,6,1,39,1,0,0,1,replayed_pf_result
9,7,1,1,1.00274939785868,0,0,1,replayed_pf_result
9,7,1,2,1.01021734230663,0,0,1,replayed_pf_result
9,7,1,3,0.996511374165209,0,0,1,replayed_pf_result
9,7,1,4,0.973354358544748,0,0,1,replayed_pf_result
9,7,1,5,0.987103084859934,0,0,1,replayed_pf_result
9,7,1,6,0.99256818979658,0,0,1,replayed_pf_result
9,7,1,7,0.979694442432959,0,0,1,replayed_pf_result
9,7,1,8,0.977910010054708,0,0,1,replayed_pf_result
9,7,1,9,1.01077133388025,0,0,1,replayed_pf_result
9,7,1,10,1.01332494872007,0,0,1,replayed_pf_result
9,7,1,11,1.00503731913889,0,0,1,replayed_pf_result
9,7,1,12,0.994040286693736,0,0,1,replayed_pf_result
9,7,1,13,1.01008222299591,0,0,1,replayed_pf_result
9,7,1,14,1.00672887571936,0,0,1,replayed_pf_result
9,7,1,15,0.995082647327043,0,0,1,replayed_pf_result
9,7,1,16,1.00506582891245,0,0,1,replayed_pf_result
9,7,1,17,1.00424286692593,0,0,1,replayed_pf_result
9,7,1,18,0.999852278847037,0,0,1,replayed_pf_result
9,7,1,19,1.03885074058456,0,0,1,replayed_pf_result
9,7,1,20,0.979237793205131,0,0,1,replayed_pf_result
9,7,1,21,0.995695015181646,0,0,1,replayed_pf_result
9,7,1,22,1.00488762578673,0,0,1,replayed_pf_result
9,7,1,23,0.9976905812948,0,0,1,replayed_pf_result
9,7,1,24,1.00770289866171,0,0,1,replayed_pf_result
9,7,1,25,1.02116554840048,0,0,1,replayed_pf_result
9,7,1,26,1.02184483165209,0,0,1,replayed_pf_result
9,7,1,27,1.00786447906917,0,0,1,replayed_pf_result
9,7,1,28,1.02297804916938,0,0,1,replayed_pf_result
9,7,1,29,1.02333057524753,0,0,1,replayed_pf_result
9,7,1,30,1,0,0,1,replayed_pf_result
9,7,1,31,1,0,0,1,replayed_pf_result
9,7,1,32,1,0,0,1,replayed_pf_result
9,7,1,33,1,0,0,1,replayed_pf_result
9,7,1,34,1,0,0,1,replayed_pf_result
9,7,1,35,1,0,0,1,replayed_pf_result
9,7,1,36,1,0,0,1,replayed_pf_result
9,7,1,37,1,0,0,1,replayed_pf_result
9,7,1,38,1,0,0,1,replayed_pf_result
9,7,1,39,1,0,0,1,replayed_pf_result
9,8,1,1,1.00274939785868,0,0,1,replayed_pf_result
9,8,1,2,1.01021734230663,0,0,1,replayed_pf_result
9,8,1,3,0.996511374165209,0,0,1,replayed_pf_result
9,8,1,4,0.973354358544748,0,0,1,replayed_pf_result
9,8,1,5,0.987103084859934,0,0,1,replayed_pf_result
9,8,1,6,0.99256818979658,0,0,1,replayed_pf_result
9,8,1,7,0.979694442432959,0,0,1,replayed_pf_result
9,8,1,8,0.977910010054708,0,0,1,replayed_pf_result
9,8,1,9,1.01077133388025,0,0,1,replayed_pf_result
9,8,1,10,1.01332494872007,0,0,1,replayed_pf_result
9,8,1,11,1.00503731913889,0,0,1,replayed_pf_result
9,8,1,12,0.994040286693736,0,0,1,replayed_pf_result
9,8,1,13,1.01008222299591,0,0,1,replayed_pf_result
9,8,1,14,1.00672887571936,0,0,1,replayed_pf_result
9,8,1,15,0.995082647327043,0,0,1,replayed_pf_result
9,8,1,16,1.00506582891245,0,0,1,replayed_pf_result
9,8,1,17,1.00424286692593,0,0,1,replayed_pf_result
9,8,1,18,0.999852278847037,0,0,1,replayed_pf_result
9,8,1,19,1.03885074058456,0,0,1,replayed_pf_result
9,8,1,20,0.979237793205131,0,0,1,replayed_pf_result
9,8,1,21,0.995695015181646,0,0,1,replayed_pf_result
9,8,1,22,1.00488762578673,0,0,1,replayed_pf_result
9,8,1,23,0.9976905812948,0,0,1,replayed_pf_result
9,8,1,24,1.00770289866171,0,0,1,replayed_pf_result
9,8,1,25,1.02116554840048,0,0,1,replayed_pf_result
9,8,1,26,1.02184483165209,0,0,1,replayed_pf_result
9,8,1,27,1.00786447906917,0,0,1,replayed_pf_result
9,8,1,28,1.02297804916938,0,0,1,replayed_pf_result
9,8,1,29,1.02333057524753,0,0,1,replayed_pf_result
9,8,1,30,1,0,0,1,replayed_pf_result
9,8,1,31,1,0,0,1,replayed_pf_result
9,8,1,32,1,0,0,1,replayed_pf_result
9,8,1,33,1,0,0,1,replayed_pf_result
9,8,1,34,1,0,0,1,replayed_pf_result
9,8,1,35,1,0,0,1,replayed_pf_result
9,8,1,36,1,0,0,1,replayed_pf_result
9,8,1,37,1,0,0,1,replayed_pf_result
9,8,1,38,1,0,0,1,replayed_pf_result
9,8,1,39,1,0,0,1,replayed_pf_result
9,9,1,1,1.00274939785868,0,0,1,replayed_pf_result
9,9,1,2,1.01021734230663,0,0,1,replayed_pf_result
9,9,1,3,0.996511374165209,0,0,1,replayed_pf_result
9,9,1,4,0.973354358544748,0,0,1,replayed_pf_result
9,9,1,5,0.987103084859934,0,0,1,replayed_pf_result
9,9,1,6,0.99256818979658,0,0,1,replayed_pf_result
9,9,1,7,0.979694442432959,0,0,1,replayed_pf_result
9,9,1,8,0.977910010054708,0,0,1,replayed_pf_result
9,9,1,9,1.01077133388025,0,0,1,replayed_pf_result
9,9,1,10,1.01332494872007,0,0,1,replayed_pf_result
9,9,1,11,1.00503731913889,0,0,1,replayed_pf_result
9,9,1,12,0.994040286693736,0,0,1,replayed_pf_result
9,9,1,13,1.01008222299591,0,0,1,replayed_pf_result
9,9,1,14,1.00672887571936,0,0,1,replayed_pf_result
9,9,1,15,0.995082647327043,0,0,1,replayed_pf_result
9,9,1,16,1.00506582891245,0,0,1,replayed_pf_result
9,9,1,17,1.00424286692593,0,0,1,replayed_pf_result
9,9,1,18,0.999852278847037,0,0,1,replayed_pf_result
9,9,1,19,1.03885074058456,0,0,1,replayed_pf_result
9,9,1,20,0.979237793205131,0,0,1,replayed_pf_result
9,9,1,21,0.995695015181646,0,0,1,replayed_pf_result
9,9,1,22,1.00488762578673,0,0,1,replayed_pf_result
9,9,1,23,0.9976905812948,0,0,1,replayed_pf_result
9,9,1,24,1.00770289866171,0,0,1,replayed_pf_result
9,9,1,25,1.02116554840048,0,0,1,replayed_pf_result
9,9,1,26,1.02184483165209,0,0,1,replayed_pf_result
9,9,1,27,1.00786447906917,0,0,1,replayed_pf_result
9,9,1,28,1.02297804916938,0,0,1,replayed_pf_result
9,9,1,29,1.02333057524753,0,0,1,replayed_pf_result
9,9,1,30,1,0,0,1,replayed_pf_result
9,9,1,31,1,0,0,1,replayed_pf_result
9,9,1,32,1,0,0,1,replayed_pf_result
9,9,1,33,1,0,0,1,replayed_pf_result
9,9,1,34,1,0,0,1,replayed_pf_result
9,9,1,35,1,0,0,1,replayed_pf_result
9,9,1,36,1,0,0,1,replayed_pf_result
9,9,1,37,1,0,0,1,replayed_pf_result
9,9,1,38,1,0,0,1,replayed_pf_result
9,9,1,39,1,0,0,1,replayed_pf_result
9,10,1,1,1.00274939785868,0,0,1,replayed_pf_result
9,10,1,2,1.01021734230663,0,0,1,replayed_pf_result
9,10,1,3,0.996511374165209,0,0,1,replayed_pf_result
9,10,1,4,0.973354358544748,0,0,1,replayed_pf_result
9,10,1,5,0.987103084859934,0,0,1,replayed_pf_result
9,10,1,6,0.99256818979658,0,0,1,replayed_pf_result
9,10,1,7,0.979694442432959,0,0,1,replayed_pf_result
9,10,1,8,0.977910010054708,0,0,1,replayed_pf_result
9,10,1,9,1.01077133388025,0,0,1,replayed_pf_result
9,10,1,10,1.01332494872007,0,0,1,replayed_pf_result
9,10,1,11,1.00503731913889,0,0,1,replayed_pf_result
9,10,1,12,0.994040286693736,0,0,1,replayed_pf_result
9,10,1,13,1.01008222299591,0,0,1,replayed_pf_result
9,10,1,14,1.00672887571936,0,0,1,replayed_pf_result
9,10,1,15,0.995082647327043,0,0,1,replayed_pf_result
9,10,1,16,1.00506582891245,0,0,1,replayed_pf_result
9,10,1,17,1.00424286692593,0,0,1,replayed_pf_result
9,10,1,18,0.999852278847037,0,0,1,replayed_pf_result
9,10,1,19,1.03885074058456,0,0,1,replayed_pf_result
9,10,1,20,0.979237793205131,0,0,1,replayed_pf_result
9,10,1,21,0.995695015181646,0,0,1,replayed_pf_result
9,10,1,22,1.00488762578673,0,0,1,replayed_pf_result
9,10,1,23,0.9976905812948,0,0,1,replayed_pf_result
9,10,1,24,1.00770289866171,0,0,1,replayed_pf_result
9,10,1,25,1.02116554840048,0,0,1,replayed_pf_result
9,10,1,26,1.02184483165209,0,0,1,replayed_pf_result
9,10,1,27,1.00786447906917,0,0,1,replayed_pf_result
9,10,1,28,1.02297804916938,0,0,1,replayed_pf_result
9,10,1,29,1.02333057524753,0,0,1,replayed_pf_result
9,10,1,30,1,0,0,1,replayed_pf_result
9,10,1,31,1,0,0,1,replayed_pf_result
9,10,1,32,1,0,0,1,replayed_pf_result
9,10,1,33,1,0,0,1,replayed_pf_result
9,10,1,34,1,0,0,1,replayed_pf_result
9,10,1,35,1,0,0,1,replayed_pf_result
9,10,1,36,1,0,0,1,replayed_pf_result
9,10,1,37,1,0,0,1,replayed_pf_result
9,10,1,38,1,0,0,1,replayed_pf_result
9,10,1,39,1,0,0,1,replayed_pf_result
9,11,1,1,1.00274939785868,0,0,1,replayed_pf_result
9,11,1,2,1.01021734230663,0,0,1,replayed_pf_result
9,11,1,3,0.996511374165209,0,0,1,replayed_pf_result
9,11,1,4,0.973354358544748,0,0,1,replayed_pf_result
9,11,1,5,0.987103084859934,0,0,1,replayed_pf_result
9,11,1,6,0.99256818979658,0,0,1,replayed_pf_result
9,11,1,7,0.979694442432959,0,0,1,replayed_pf_result
9,11,1,8,0.977910010054708,0,0,1,replayed_pf_result
9,11,1,9,1.01077133388025,0,0,1,replayed_pf_result
9,11,1,10,1.01332494872007,0,0,1,replayed_pf_result
9,11,1,11,1.00503731913889,0,0,1,replayed_pf_result
9,11,1,12,0.994040286693736,0,0,1,replayed_pf_result
9,11,1,13,1.01008222299591,0,0,1,replayed_pf_result
9,11,1,14,1.00672887571936,0,0,1,replayed_pf_result
9,11,1,15,0.995082647327043,0,0,1,replayed_pf_result
9,11,1,16,1.00506582891245,0,0,1,replayed_pf_result
9,11,1,17,1.00424286692593,0,0,1,replayed_pf_result
9,11,1,18,0.999852278847037,0,0,1,replayed_pf_result
9,11,1,19,1.03885074058456,0,0,1,replayed_pf_result
9,11,1,20,0.979237793205131,0,0,1,replayed_pf_result
9,11,1,21,0.995695015181646,0,0,1,replayed_pf_result
9,11,1,22,1.00488762578673,0,0,1,replayed_pf_result
9,11,1,23,0.9976905812948,0,0,1,replayed_pf_result
9,11,1,24,1.00770289866171,0,0,1,replayed_pf_result
9,11,1,25,1.02116554840048,0,0,1,replayed_pf_result
9,11,1,26,1.02184483165209,0,0,1,replayed_pf_result
9,11,1,27,1.00786447906917,0,0,1,replayed_pf_result
9,11,1,28,1.02297804916938,0,0,1,replayed_pf_result
9,11,1,29,1.02333057524753,0,0,1,replayed_pf_result
9,11,1,30,1,0,0,1,replayed_pf_result
9,11,1,31,1,0,0,1,replayed_pf_result
9,11,1,32,1,0,0,1,replayed_pf_result
9,11,1,33,1,0,0,1,replayed_pf_result
9,11,1,34,1,0,0,1,replayed_pf_result
9,11,1,35,1,0,0,1,replayed_pf_result
9,11,1,36,1,0,0,1,replayed_pf_result
9,11,1,37,1,0,0,1,replayed_pf_result
9,11,1,38,1,0,0,1,replayed_pf_result
9,11,1,39,1,0,0,1,replayed_pf_result
9,12,1,1,1.00274939785868,0,0,1,replayed_pf_result
9,12,1,2,1.01021734230663,0,0,1,replayed_pf_result
9,12,1,3,0.996511374165209,0,0,1,replayed_pf_result
9,12,1,4,0.973354358544748,0,0,1,replayed_pf_result
9,12,1,5,0.987103084859934,0,0,1,replayed_pf_result
9,12,1,6,0.99256818979658,0,0,1,replayed_pf_result
9,12,1,7,0.979694442432959,0,0,1,replayed_pf_result
9,12,1,8,0.977910010054708,0,0,1,replayed_pf_result
9,12,1,9,1.01077133388025,0,0,1,replayed_pf_result
9,12,1,10,1.01332494872007,0,0,1,replayed_pf_result
9,12,1,11,1.00503731913889,0,0,1,replayed_pf_result
9,12,1,12,0.994040286693736,0,0,1,replayed_pf_result
9,12,1,13,1.01008222299591,0,0,1,replayed_pf_result
9,12,1,14,1.00672887571936,0,0,1,replayed_pf_result
9,12,1,15,0.995082647327043,0,0,1,replayed_pf_result
9,12,1,16,1.00506582891245,0,0,1,replayed_pf_result
9,12,1,17,1.00424286692593,0,0,1,replayed_pf_result
9,12,1,18,0.999852278847037,0,0,1,replayed_pf_result
9,12,1,19,1.03885074058456,0,0,1,replayed_pf_result
9,12,1,20,0.979237793205131,0,0,1,replayed_pf_result
9,12,1,21,0.995695015181646,0,0,1,replayed_pf_result
9,12,1,22,1.00488762578673,0,0,1,replayed_pf_result
9,12,1,23,0.9976905812948,0,0,1,replayed_pf_result
9,12,1,24,1.00770289866171,0,0,1,replayed_pf_result
9,12,1,25,1.02116554840048,0,0,1,replayed_pf_result
9,12,1,26,1.02184483165209,0,0,1,replayed_pf_result
9,12,1,27,1.00786447906917,0,0,1,replayed_pf_result
9,12,1,28,1.02297804916938,0,0,1,replayed_pf_result
9,12,1,29,1.02333057524753,0,0,1,replayed_pf_result
9,12,1,30,1,0,0,1,replayed_pf_result
9,12,1,31,1,0,0,1,replayed_pf_result
9,12,1,32,1,0,0,1,replayed_pf_result
9,12,1,33,1,0,0,1,replayed_pf_result
9,12,1,34,1,0,0,1,replayed_pf_result
9,12,1,35,1,0,0,1,replayed_pf_result
9,12,1,36,1,0,0,1,replayed_pf_result
9,12,1,37,1,0,0,1,replayed_pf_result
9,12,1,38,1,0,0,1,replayed_pf_result
9,12,1,39,1,0,0,1,replayed_pf_result
9,13,1,1,1.00274939785868,0,0,1,replayed_pf_result
9,13,1,2,1.01021734230663,0,0,1,replayed_pf_result
9,13,1,3,0.996511374165209,0,0,1,replayed_pf_result
9,13,1,4,0.973354358544748,0,0,1,replayed_pf_result
9,13,1,5,0.987103084859934,0,0,1,replayed_pf_result
9,13,1,6,0.99256818979658,0,0,1,replayed_pf_result
9,13,1,7,0.979694442432959,0,0,1,replayed_pf_result
9,13,1,8,0.977910010054708,0,0,1,replayed_pf_result
9,13,1,9,1.01077133388025,0,0,1,replayed_pf_result
9,13,1,10,1.01332494872007,0,0,1,replayed_pf_result
9,13,1,11,1.00503731913889,0,0,1,replayed_pf_result
9,13,1,12,0.994040286693736,0,0,1,replayed_pf_result
9,13,1,13,1.01008222299591,0,0,1,replayed_pf_result
9,13,1,14,1.00672887571936,0,0,1,replayed_pf_result
9,13,1,15,0.995082647327043,0,0,1,replayed_pf_result
9,13,1,16,1.00506582891245,0,0,1,replayed_pf_result
9,13,1,17,1.00424286692593,0,0,1,replayed_pf_result
9,13,1,18,0.999852278847037,0,0,1,replayed_pf_result
9,13,1,19,1.03885074058456,0,0,1,replayed_pf_result
9,13,1,20,0.979237793205131,0,0,1,replayed_pf_result
9,13,1,21,0.995695015181646,0,0,1,replayed_pf_result
9,13,1,22,1.00488762578673,0,0,1,replayed_pf_result
9,13,1,23,0.9976905812948,0,0,1,replayed_pf_result
9,13,1,24,1.00770289866171,0,0,1,replayed_pf_result
9,13,1,25,1.02116554840048,0,0,1,replayed_pf_result
9,13,1,26,1.02184483165209,0,0,1,replayed_pf_result
9,13,1,27,1.00786447906917,0,0,1,replayed_pf_result
9,13,1,28,1.02297804916938,0,0,1,replayed_pf_result
9,13,1,29,1.02333057524753,0,0,1,replayed_pf_result
9,13,1,30,1,0,0,1,replayed_pf_result
9,13,1,31,1,0,0,1,replayed_pf_result
9,13,1,32,1,0,0,1,replayed_pf_result
9,13,1,33,1,0,0,1,replayed_pf_result
9,13,1,34,1,0,0,1,replayed_pf_result
9,13,1,35,1,0,0,1,replayed_pf_result
9,13,1,36,1,0,0,1,replayed_pf_result
9,13,1,37,1,0,0,1,replayed_pf_result
9,13,1,38,1,0,0,1,replayed_pf_result
9,13,1,39,1,0,0,1,replayed_pf_result
9,13,2,1,0.995866979901775,0,0,1,replayed_pf_result
9,13,2,2,1.00088519112069,0,0,1,replayed_pf_result
9,13,2,3,0.980387448634943,0,0,1,replayed_pf_result
9,13,2,4,0.952770444879827,0,0,1,replayed_pf_result
9,13,2,5,0.9651330347368,0,0,1,replayed_pf_result
9,13,2,6,0.969390700161981,0,0,1,replayed_pf_result
9,13,2,7,0.958481279947968,0,0,1,replayed_pf_result
9,13,2,8,0.957699686456302,0,0,1,replayed_pf_result
9,13,2,9,1.00370574461062,0,0,1,replayed_pf_result
9,13,2,10,1.02420564352938,0,0,1,replayed_pf_result
9,13,2,11,1.02212268969573,0,0,1,replayed_pf_result
9,13,2,12,1.00624320656591,0,0,1,replayed_pf_result
9,13,2,13,1.01689501391836,0,0,1,replayed_pf_result
9,13,2,14,1.00480668736118,0,0,1,replayed_pf_result
9,13,2,15,0.985636701550403,0,0,1,replayed_pf_result
9,13,2,16,0.99560989074489,0,0,1,replayed_pf_result
9,13,2,17,0.991597264882519,0,0,1,replayed_pf_result
9,13,2,18,0.98486858408338,0,0,1,replayed_pf_result
9,13,2,19,1.03537394397263,0,0,1,replayed_pf_result
9,13,2,20,0.977339564542759,0,0,1,replayed_pf_result
9,13,2,21,0.989026953608821,0,0,1,replayed_pf_result
9,13,2,22,1.00131285906496,0,0,1,replayed_pf_result
9,13,2,23,0.993988086856451,0,0,1,replayed_pf_result
9,13,2,24,0.99908275788975,0,0,1,replayed_pf_result
9,13,2,25,1.01790502371329,0,0,1,replayed_pf_result
9,13,2,26,1.01624141346836,0,0,1,replayed_pf_result
9,13,2,27,0.999016004312324,0,0,1,replayed_pf_result
9,13,2,28,1.02008799166233,0,0,1,replayed_pf_result
9,13,2,29,1.02135007555991,0,0,1,replayed_pf_result
9,13,2,30,1,0,0,1,replayed_pf_result
9,13,2,31,1,0,0,1,replayed_pf_result
9,13,2,32,1,0,0,1,replayed_pf_result
9,13,2,33,1,0,0,1,replayed_pf_result
9,13,2,34,1,0,0,1,replayed_pf_result
9,13,2,35,1,0,0,1,replayed_pf_result
9,13,2,36,1,0,0,1,replayed_pf_result
9,13,2,37,1,0,0,1,replayed_pf_result
9,13,2,38,1,0,0,1,replayed_pf_result
9,13,2,39,1,0,0,1,replayed_pf_result
9,13,3,1,0.99897019986966,0,0,1,replayed_pf_result
9,13,3,2,0.995588772576089,0,0,1,replayed_pf_result
9,13,3,3,0.958448671061301,0,0,1,replayed_pf_result
9,13,3,4,0.897714614007276,0.00228538599272354,0.133156240143954,1,replayed_pf_result
9,13,3,5,0.895709076060947,0.0042909239390535,0.250258314062947,1,replayed_pf_result
9,13,3,6,0.898416794253089,0.00158320574691106,0.0922118626027339,1,replayed_pf_result
9,13,3,7,0.88932821535507,0.0106717846449301,0.624398807312581,1,replayed_pf_result
9,13,3,8,0.890374409685693,0.00962559031430654,0.562891671510627,1,replayed_pf_result
9,13,3,9,0.972999330722662,0,0,1,replayed_pf_result
9,13,3,10,1.0178431,0,0,1,replayed_pf_result
9,13,3,11,1.0133858,0,0,1,replayed_pf_result
9,13,3,12,1.000815,0,0,1,replayed_pf_result
9,13,3,13,1.014923,0,0,1,replayed_pf_result
9,13,3,14,1.012319,0,0,1,replayed_pf_result
9,13,3,15,1.0161854,0,0,1,replayed_pf_result
9,13,3,16,1.0325203,0,0,1,replayed_pf_result
9,13,3,17,0.971658045661494,0,0,1,replayed_pf_result
9,13,3,18,0.965061517369472,0,0,1,replayed_pf_result
9,13,3,19,1.0501068,0,0,1,replayed_pf_result
9,13,3,20,0.99101054,0,0,1,replayed_pf_result
9,13,3,21,1.0323192,0,0,1,replayed_pf_result
9,13,3,22,1.0501427,0,0,1,replayed_pf_result
9,13,3,23,1.0451451,0,0,1,replayed_pf_result
9,13,3,24,1.038001,0,0,1,replayed_pf_result
9,13,3,25,1.00607870040163,0,0,1,replayed_pf_result
9,13,3,26,1.00234060175948,0,0,1,replayed_pf_result
9,13,3,27,0.981848986856107,0,0,1,replayed_pf_result
9,13,3,28,1.01291737451533,0,0,1,replayed_pf_result
9,13,3,29,1.01643617604346,0,0,1,replayed_pf_result
9,13,3,30,1,0,0,1,replayed_pf_result
9,13,3,31,1,0,0,1,replayed_pf_result
9,13,3,32,0.9841,0,0,1,replayed_pf_result
9,13,3,33,0.9972,0,0,1,replayed_pf_result
9,13,3,34,1.0123,0,0,1,replayed_pf_result
9,13,3,35,1.0494,0,0,1,replayed_pf_result
9,13,3,36,1.0636,0,0,1,replayed_pf_result
9,13,3,37,1,0,0,1,replayed_pf_result
9,13,3,38,1,0,0,1,replayed_pf_result
9,13,3,39,1,0,0,1,replayed_pf_result
9,14,1,1,1.00274939785868,0,0,1,replayed_pf_result
9,14,1,2,1.01021734230663,0,0,1,replayed_pf_result
9,14,1,3,0.996511374165209,0,0,1,replayed_pf_result
9,14,1,4,0.973354358544748,0,0,1,replayed_pf_result
9,14,1,5,0.987103084859934,0,0,1,replayed_pf_result
9,14,1,6,0.99256818979658,0,0,1,replayed_pf_result
9,14,1,7,0.979694442432959,0,0,1,replayed_pf_result
9,14,1,8,0.977910010054708,0,0,1,replayed_pf_result
9,14,1,9,1.01077133388025,0,0,1,replayed_pf_result
9,14,1,10,1.01332494872007,0,0,1,replayed_pf_result
9,14,1,11,1.00503731913889,0,0,1,replayed_pf_result
9,14,1,12,0.994040286693736,0,0,1,replayed_pf_result
9,14,1,13,1.01008222299591,0,0,1,replayed_pf_result
9,14,1,14,1.00672887571936,0,0,1,replayed_pf_result
9,14,1,15,0.995082647327043,0,0,1,replayed_pf_result
9,14,1,16,1.00506582891245,0,0,1,replayed_pf_result
9,14,1,17,1.00424286692593,0,0,1,replayed_pf_result
9,14,1,18,0.999852278847037,0,0,1,replayed_pf_result
9,14,1,19,1.03885074058456,0,0,1,replayed_pf_result
9,14,1,20,0.979237793205131,0,0,1,replayed_pf_result
9,14,1,21,0.995695015181646,0,0,1,replayed_pf_result
9,14,1,22,1.00488762578673,0,0,1,replayed_pf_result
9,14,1,23,0.9976905812948,0,0,1,replayed_pf_result
9,14,1,24,1.00770289866171,0,0,1,replayed_pf_result
9,14,1,25,1.02116554840048,0,0,1,replayed_pf_result
9,14,1,26,1.02184483165209,0,0,1,replayed_pf_result
9,14,1,27,1.00786447906917,0,0,1,replayed_pf_result
9,14,1,28,1.02297804916938,0,0,1,replayed_pf_result
9,14,1,29,1.02333057524753,0,0,1,replayed_pf_result
9,14,1,30,1,0,0,1,replayed_pf_result
9,14,1,31,1,0,0,1,replayed_pf_result
9,14,1,32,1,0,0,1,replayed_pf_result
9,14,1,33,1,0,0,1,replayed_pf_result
9,14,1,34,1,0,0,1,replayed_pf_result
9,14,1,35,1,0,0,1,replayed_pf_result
9,14,1,36,1,0,0,1,replayed_pf_result
9,14,1,37,1,0,0,1,replayed_pf_result
9,14,1,38,1,0,0,1,replayed_pf_result
9,14,1,39,1,0,0,1,replayed_pf_result
9,15,1,1,1.00274939785868,0,0,1,replayed_pf_result
9,15,1,2,1.01021734230663,0,0,1,replayed_pf_result
9,15,1,3,0.996511374165209,0,0,1,replayed_pf_result
9,15,1,4,0.973354358544748,0,0,1,replayed_pf_result
9,15,1,5,0.987103084859934,0,0,1,replayed_pf_result
9,15,1,6,0.99256818979658,0,0,1,replayed_pf_result
9,15,1,7,0.979694442432959,0,0,1,replayed_pf_result
9,15,1,8,0.977910010054708,0,0,1,replayed_pf_result
9,15,1,9,1.01077133388025,0,0,1,replayed_pf_result
9,15,1,10,1.01332494872007,0,0,1,replayed_pf_result
9,15,1,11,1.00503731913889,0,0,1,replayed_pf_result
9,15,1,12,0.994040286693736,0,0,1,replayed_pf_result
9,15,1,13,1.01008222299591,0,0,1,replayed_pf_result
9,15,1,14,1.00672887571936,0,0,1,replayed_pf_result
9,15,1,15,0.995082647327043,0,0,1,replayed_pf_result
9,15,1,16,1.00506582891245,0,0,1,replayed_pf_result
9,15,1,17,1.00424286692593,0,0,1,replayed_pf_result
9,15,1,18,0.999852278847037,0,0,1,replayed_pf_result
9,15,1,19,1.03885074058456,0,0,1,replayed_pf_result
9,15,1,20,0.979237793205131,0,0,1,replayed_pf_result
9,15,1,21,0.995695015181646,0,0,1,replayed_pf_result
9,15,1,22,1.00488762578673,0,0,1,replayed_pf_result
9,15,1,23,0.9976905812948,0,0,1,replayed_pf_result
9,15,1,24,1.00770289866171,0,0,1,replayed_pf_result
9,15,1,25,1.02116554840048,0,0,1,replayed_pf_result
9,15,1,26,1.02184483165209,0,0,1,replayed_pf_result
9,15,1,27,1.00786447906917,0,0,1,replayed_pf_result
9,15,1,28,1.02297804916938,0,0,1,replayed_pf_result
9,15,1,29,1.02333057524753,0,0,1,replayed_pf_result
9,15,1,30,1,0,0,1,replayed_pf_result
9,15,1,31,1,0,0,1,replayed_pf_result
9,15,1,32,1,0,0,1,replayed_pf_result
9,15,1,33,1,0,0,1,replayed_pf_result
9,15,1,34,1,0,0,1,replayed_pf_result
9,15,1,35,1,0,0,1,replayed_pf_result
9,15,1,36,1,0,0,1,replayed_pf_result
9,15,1,37,1,0,0,1,replayed_pf_result
9,15,1,38,1,0,0,1,replayed_pf_result
9,15,1,39,1,0,0,1,replayed_pf_result
9,16,1,1,1.00274939785868,0,0,1,replayed_pf_result
9,16,1,2,1.01021734230663,0,0,1,replayed_pf_result
9,16,1,3,0.996511374165209,0,0,1,replayed_pf_result
9,16,1,4,0.973354358544748,0,0,1,replayed_pf_result
9,16,1,5,0.987103084859934,0,0,1,replayed_pf_result
9,16,1,6,0.99256818979658,0,0,1,replayed_pf_result
9,16,1,7,0.979694442432959,0,0,1,replayed_pf_result
9,16,1,8,0.977910010054708,0,0,1,replayed_pf_result
9,16,1,9,1.01077133388025,0,0,1,replayed_pf_result
9,16,1,10,1.01332494872007,0,0,1,replayed_pf_result
9,16,1,11,1.00503731913889,0,0,1,replayed_pf_result
9,16,1,12,0.994040286693736,0,0,1,replayed_pf_result
9,16,1,13,1.01008222299591,0,0,1,replayed_pf_result
9,16,1,14,1.00672887571936,0,0,1,replayed_pf_result
9,16,1,15,0.995082647327043,0,0,1,replayed_pf_result
9,16,1,16,1.00506582891245,0,0,1,replayed_pf_result
9,16,1,17,1.00424286692593,0,0,1,replayed_pf_result
9,16,1,18,0.999852278847037,0,0,1,replayed_pf_result
9,16,1,19,1.03885074058456,0,0,1,replayed_pf_result
9,16,1,20,0.979237793205131,0,0,1,replayed_pf_result
9,16,1,21,0.995695015181646,0,0,1,replayed_pf_result
9,16,1,22,1.00488762578673,0,0,1,replayed_pf_result
9,16,1,23,0.9976905812948,0,0,1,replayed_pf_result
9,16,1,24,1.00770289866171,0,0,1,replayed_pf_result
9,16,1,25,1.02116554840048,0,0,1,replayed_pf_result
9,16,1,26,1.02184483165209,0,0,1,replayed_pf_result
9,16,1,27,1.00786447906917,0,0,1,replayed_pf_result
9,16,1,28,1.02297804916938,0,0,1,replayed_pf_result
9,16,1,29,1.02333057524753,0,0,1,replayed_pf_result
9,16,1,30,1,0,0,1,replayed_pf_result
9,16,1,31,1,0,0,1,replayed_pf_result
9,16,1,32,1,0,0,1,replayed_pf_result
9,16,1,33,1,0,0,1,replayed_pf_result
9,16,1,34,1,0,0,1,replayed_pf_result
9,16,1,35,1,0,0,1,replayed_pf_result
9,16,1,36,1,0,0,1,replayed_pf_result
9,16,1,37,1,0,0,1,replayed_pf_result
9,16,1,38,1,0,0,1,replayed_pf_result
9,16,1,39,1,0,0,1,replayed_pf_result
9,17,1,1,1.00274939785868,0,0,1,replayed_pf_result
9,17,1,2,1.01021734230663,0,0,1,replayed_pf_result
9,17,1,3,0.996511374165209,0,0,1,replayed_pf_result
9,17,1,4,0.973354358544748,0,0,1,replayed_pf_result
9,17,1,5,0.987103084859934,0,0,1,replayed_pf_result
9,17,1,6,0.99256818979658,0,0,1,replayed_pf_result
9,17,1,7,0.979694442432959,0,0,1,replayed_pf_result
9,17,1,8,0.977910010054708,0,0,1,replayed_pf_result
9,17,1,9,1.01077133388025,0,0,1,replayed_pf_result
9,17,1,10,1.01332494872007,0,0,1,replayed_pf_result
9,17,1,11,1.00503731913889,0,0,1,replayed_pf_result
9,17,1,12,0.994040286693736,0,0,1,replayed_pf_result
9,17,1,13,1.01008222299591,0,0,1,replayed_pf_result
9,17,1,14,1.00672887571936,0,0,1,replayed_pf_result
9,17,1,15,0.995082647327043,0,0,1,replayed_pf_result
9,17,1,16,1.00506582891245,0,0,1,replayed_pf_result
9,17,1,17,1.00424286692593,0,0,1,replayed_pf_result
9,17,1,18,0.999852278847037,0,0,1,replayed_pf_result
9,17,1,19,1.03885074058456,0,0,1,replayed_pf_result
9,17,1,20,0.979237793205131,0,0,1,replayed_pf_result
9,17,1,21,0.995695015181646,0,0,1,replayed_pf_result
9,17,1,22,1.00488762578673,0,0,1,replayed_pf_result
9,17,1,23,0.9976905812948,0,0,1,replayed_pf_result
9,17,1,24,1.00770289866171,0,0,1,replayed_pf_result
9,17,1,25,1.02116554840048,0,0,1,replayed_pf_result
9,17,1,26,1.02184483165209,0,0,1,replayed_pf_result
9,17,1,27,1.00786447906917,0,0,1,replayed_pf_result
9,17,1,28,1.02297804916938,0,0,1,replayed_pf_result
9,17,1,29,1.02333057524753,0,0,1,replayed_pf_result
9,17,1,30,1,0,0,1,replayed_pf_result
9,17,1,31,1,0,0,1,replayed_pf_result
9,17,1,32,1,0,0,1,replayed_pf_result
9,17,1,33,1,0,0,1,replayed_pf_result
9,17,1,34,1,0,0,1,replayed_pf_result
9,17,1,35,1,0,0,1,replayed_pf_result
9,17,1,36,1,0,0,1,replayed_pf_result
9,17,1,37,1,0,0,1,replayed_pf_result
9,17,1,38,1,0,0,1,replayed_pf_result
9,17,1,39,1,0,0,1,replayed_pf_result
9,17,2,1,0.99698657118726,0,0,1,replayed_pf_result
9,17,2,2,1.00671506627062,0,0,1,replayed_pf_result
9,17,2,3,0.989346544170718,0,0,1,replayed_pf_result
9,17,2,4,0.963664708926696,0,0,1,replayed_pf_result
9,17,2,5,0.9760629725051,0,0,1,replayed_pf_result
9,17,2,6,0.982055703993227,0,0,1,replayed_pf_result
9,17,2,7,0.966192461332297,0,0,1,replayed_pf_result
9,17,2,8,0.963321774088678,0,0,1,replayed_pf_result
9,17,2,9,0.995812964159257,0,0,1,replayed_pf_result
9,17,2,10,1.0070432851073,0,0,1,replayed_pf_result
9,17,2,11,0.997204727187754,0,0,1,replayed_pf_result
9,17,2,12,0.986992722691203,0,0,1,replayed_pf_result
9,17,2,13,1.00422152732755,0,0,1,replayed_pf_result
9,17,2,14,1.00196583011743,0,0,1,replayed_pf_result
9,17,2,15,0.991730031915608,0,0,1,replayed_pf_result
9,17,2,16,1.00237528488206,0,0,1,replayed_pf_result
9,17,2,17,1.00034963157886,0,0,1,replayed_pf_result
9,17,2,18,0.994736870333419,0,0,1,replayed_pf_result
9,17,2,19,1.03786149493799,0,0,1,replayed_pf_result
9,17,2,20,0.978697707329708,0,0,1,replayed_pf_result
9,17,2,21,0.993797950059432,0,0,1,replayed_pf_result
9,17,2,22,1.00387064254733,0,0,1,replayed_pf_result
9,17,2,23,0.996637258387122,0,0,1,replayed_pf_result
9,17,2,24,1.00525018199214,0,0,1,replayed_pf_result
9,17,2,25,1.01617570329753,0,0,1,replayed_pf_result
9,17,2,26,1.01772289673422,0,0,1,replayed_pf_result
9,17,2,27,1.00364634821758,0,0,1,replayed_pf_result
9,17,2,28,1.02085211486373,0,0,1,replayed_pf_result
9,17,2,29,1.02187371456519,0,0,1,replayed_pf_result
9,17,2,30,1,0,0,1,replayed_pf_result
9,17,2,31,1,0,0,1,replayed_pf_result
9,17,2,32,1,0,0,1,replayed_pf_result
9,17,2,33,1,0,0,1,replayed_pf_result
9,17,2,34,1,0,0,1,replayed_pf_result
9,17,2,35,1,0,0,1,replayed_pf_result
9,17,2,36,1,0,0,1,replayed_pf_result
9,17,2,37,1,0,0,1,replayed_pf_result
9,17,2,38,1,0,0,1,replayed_pf_result
9,17,2,39,1,0,0,1,replayed_pf_result
9,17,3,1,0.99698657118726,0,0,1,replayed_pf_result
9,17,3,2,1.02007535000638,0,0,1,replayed_pf_result
9,17,3,3,0.93948304341963,0,0,1,replayed_pf_result
9,17,3,4,0.930471803466372,0,0,1,replayed_pf_result
9,17,3,5,0.954060435446898,0,0,1,replayed_pf_result
9,17,3,6,0.962138129862868,0,0,1,replayed_pf_result
9,17,3,7,0.946143388460195,0,0,1,replayed_pf_result
9,17,3,8,0.943426317327369,0,0,1,replayed_pf_result
9,17,3,9,0.987308531685628,0,0,1,replayed_pf_result
9,17,3,10,0.991969879897958,0,0,1,replayed_pf_result
9,17,3,11,0.980282977817672,0,0,1,replayed_pf_result
9,17,3,12,0.970073569166272,0,0,1,replayed_pf_result
9,17,3,13,0.988254248072574,0,0,1,replayed_pf_result
9,17,3,14,0.984061327359646,0,0,1,replayed_pf_result
9,17,3,15,0.969334380799399,0,0,1,replayed_pf_result
9,17,3,16,0.97872004607327,0,0,1,replayed_pf_result
9,17,3,17,0.961145627669659,0,0,1,replayed_pf_result
9,17,3,18,0.949547752151708,0,0,1,replayed_pf_result
9,17,3,19,1.02916321863546,0,0,1,replayed_pf_result
9,17,3,20,0.97394836771831,0,0,1,replayed_pf_result
9,17,3,21,0.977110945753878,0,0,1,replayed_pf_result
9,17,3,22,0.994923688296293,0,0,1,replayed_pf_result
9,17,3,23,0.987370692000229,0,0,1,replayed_pf_result
9,17,3,24,0.983685427439504,0,0,1,replayed_pf_result
9,17,3,25,0.990113534060429,0,0,1,replayed_pf_result
9,17,3,26,0.970023681150763,0,0,1,replayed_pf_result
9,17,3,27,0.952877131520491,0,0,1,replayed_pf_result
9,17,3,28,0.996241071643171,0,0,1,replayed_pf_result
9,17,3,29,1.00500810943126,0,0,1,replayed_pf_result
9,17,3,30,1,0,0,1,replayed_pf_result
9,17,3,31,1,0,0,1,replayed_pf_result
9,17,3,32,1,0,0,1,replayed_pf_result
9,17,3,33,1,0,0,1,replayed_pf_result
9,17,3,34,1,0,0,1,replayed_pf_result
9,17,3,35,1,0,0,1,replayed_pf_result
9,17,3,36,1,0,0,1,replayed_pf_result
9,17,3,37,1,0,0,1,replayed_pf_result
9,17,3,38,1,0,0,1,replayed_pf_result
9,17,3,39,1,0,0,1,replayed_pf_result
9,17,4,1,0.99698657118726,0,0,1,replayed_pf_result
9,17,4,2,1.0484941,0,0,1,replayed_pf_result
9,17,4,3,0.834877450985996,0.065122549014004,3.91611030098162,1,replayed_pf_result
9,17,4,4,0.778002528199884,0.121997471800116,7.55122025914113,1,replayed_pf_result
9,17,4,5,0.783144878661242,0.116855121338758,7.21398425545925,1,replayed_pf_result
9,17,4,6,0.788043154260177,0.111956845739823,6.89436337680224,1,replayed_pf_result
9,17,4,7,0.776607067408861,0.123392932591139,7.64303430506098,1,replayed_pf_result
9,17,4,8,0.778477268099945,0.121522731900055,7.52001404522778,1,replayed_pf_result
9,17,4,9,0.915896562119727,0,0,1,replayed_pf_result
9,17,4,10,1.00467820288908,0,0,1,replayed_pf_result
9,17,4,11,1.00238921914696,0,0,1,replayed_pf_result
9,17,4,12,0.984338779864887,0,0,1,replayed_pf_result
9,17,4,13,0.993940722128393,0,0,1,replayed_pf_result
9,17,4,14,0.973680720112234,0,0,1,replayed_pf_result
9,17,4,15,0.938169810343077,0,0,1,replayed_pf_result
9,17,4,16,0.942487371859112,0,0,1,replayed_pf_result
9,17,4,17,0.901350300725371,0,0,1,replayed_pf_result
9,17,4,18,0.873398943571411,0.0266010564285895,1.5688941291004,1,replayed_pf_result
9,17,4,19,1.01583704577038,0,0,1,replayed_pf_result
9,17,4,20,0.966670550362165,0,0,1,replayed_pf_result
9,17,4,21,0.951521910072192,0,0,1,replayed_pf_result
9,17,4,22,0.981198873754473,0,0,1,replayed_pf_result
9,17,4,23,0.973155923868426,0,0,1,replayed_pf_result
9,17,4,24,0.950652792832932,0,0,1,replayed_pf_result
9,17,4,25,1.0576827,0,0,1,replayed_pf_result
9,17,4,26,1.0525613,0,0,1,replayed_pf_result
9,17,4,27,0.88325795515428,0.0167420448457202,0.982550010424619,1,replayed_pf_result
9,17,4,28,1.0503737,0,0,1,replayed_pf_result
9,17,4,29,1.0501149,0,0,1,replayed_pf_result
9,17,4,30,1.0499,0,0,1,replayed_pf_result
9,17,4,31,1,0,0,1,replayed_pf_result
9,17,4,32,1,0,0,1,replayed_pf_result
9,17,4,33,1,0,0,1,replayed_pf_result
9,17,4,34,1,0,0,1,replayed_pf_result
9,17,4,35,1,0,0,1,replayed_pf_result
9,17,4,36,1,0,0,1,replayed_pf_result
9,17,4,37,1.0275,0,0,1,replayed_pf_result
9,17,4,38,1.0265,0,0,1,replayed_pf_result
9,17,4,39,1,0,0,1,replayed_pf_result
9,18,1,1,1.00274939785868,0,0,1,replayed_pf_result
9,18,1,2,1.01021734230663,0,0,1,replayed_pf_result
9,18,1,3,0.996511374165209,0,0,1,replayed_pf_result
9,18,1,4,0.973354358544748,0,0,1,replayed_pf_result
9,18,1,5,0.987103084859934,0,0,1,replayed_pf_result
9,18,1,6,0.99256818979658,0,0,1,replayed_pf_result
9,18,1,7,0.979694442432959,0,0,1,replayed_pf_result
9,18,1,8,0.977910010054708,0,0,1,replayed_pf_result
9,18,1,9,1.01077133388025,0,0,1,replayed_pf_result
9,18,1,10,1.01332494872007,0,0,1,replayed_pf_result
9,18,1,11,1.00503731913889,0,0,1,replayed_pf_result
9,18,1,12,0.994040286693736,0,0,1,replayed_pf_result
9,18,1,13,1.01008222299591,0,0,1,replayed_pf_result
9,18,1,14,1.00672887571936,0,0,1,replayed_pf_result
9,18,1,15,0.995082647327043,0,0,1,replayed_pf_result
9,18,1,16,1.00506582891245,0,0,1,replayed_pf_result
9,18,1,17,1.00424286692593,0,0,1,replayed_pf_result
9,18,1,18,0.999852278847037,0,0,1,replayed_pf_result
9,18,1,19,1.03885074058456,0,0,1,replayed_pf_result
9,18,1,20,0.979237793205131,0,0,1,replayed_pf_result
9,18,1,21,0.995695015181646,0,0,1,replayed_pf_result
9,18,1,22,1.00488762578673,0,0,1,replayed_pf_result
9,18,1,23,0.9976905812948,0,0,1,replayed_pf_result
9,18,1,24,1.00770289866171,0,0,1,replayed_pf_result
9,18,1,25,1.02116554840048,0,0,1,replayed_pf_result
9,18,1,26,1.02184483165209,0,0,1,replayed_pf_result
9,18,1,27,1.00786447906917,0,0,1,replayed_pf_result
9,18,1,28,1.02297804916938,0,0,1,replayed_pf_result
9,18,1,29,1.02333057524753,0,0,1,replayed_pf_result
9,18,1,30,1,0,0,1,replayed_pf_result
9,18,1,31,1,0,0,1,replayed_pf_result
9,18,1,32,1,0,0,1,replayed_pf_result
9,18,1,33,1,0,0,1,replayed_pf_result
9,18,1,34,1,0,0,1,replayed_pf_result
9,18,1,35,1,0,0,1,replayed_pf_result
9,18,1,36,1,0,0,1,replayed_pf_result
9,18,1,37,1,0,0,1,replayed_pf_result
9,18,1,38,1,0,0,1,replayed_pf_result
9,18,1,39,1,0,0,1,replayed_pf_result
9,19,1,1,1.00274939785868,0,0,1,replayed_pf_result
9,19,1,2,1.01021734230663,0,0,1,replayed_pf_result
9,19,1,3,0.996511374165209,0,0,1,replayed_pf_result
9,19,1,4,0.973354358544748,0,0,1,replayed_pf_result
9,19,1,5,0.987103084859934,0,0,1,replayed_pf_result
9,19,1,6,0.99256818979658,0,0,1,replayed_pf_result
9,19,1,7,0.979694442432959,0,0,1,replayed_pf_result
9,19,1,8,0.977910010054708,0,0,1,replayed_pf_result
9,19,1,9,1.01077133388025,0,0,1,replayed_pf_result
9,19,1,10,1.01332494872007,0,0,1,replayed_pf_result
9,19,1,11,1.00503731913889,0,0,1,replayed_pf_result
9,19,1,12,0.994040286693736,0,0,1,replayed_pf_result
9,19,1,13,1.01008222299591,0,0,1,replayed_pf_result
9,19,1,14,1.00672887571936,0,0,1,replayed_pf_result
9,19,1,15,0.995082647327043,0,0,1,replayed_pf_result
9,19,1,16,1.00506582891245,0,0,1,replayed_pf_result
9,19,1,17,1.00424286692593,0,0,1,replayed_pf_result
9,19,1,18,0.999852278847037,0,0,1,replayed_pf_result
9,19,1,19,1.03885074058456,0,0,1,replayed_pf_result
9,19,1,20,0.979237793205131,0,0,1,replayed_pf_result
9,19,1,21,0.995695015181646,0,0,1,replayed_pf_result
9,19,1,22,1.00488762578673,0,0,1,replayed_pf_result
9,19,1,23,0.9976905812948,0,0,1,replayed_pf_result
9,19,1,24,1.00770289866171,0,0,1,replayed_pf_result
9,19,1,25,1.02116554840048,0,0,1,replayed_pf_result
9,19,1,26,1.02184483165209,0,0,1,replayed_pf_result
9,19,1,27,1.00786447906917,0,0,1,replayed_pf_result
9,19,1,28,1.02297804916938,0,0,1,replayed_pf_result
9,19,1,29,1.02333057524753,0,0,1,replayed_pf_result
9,19,1,30,1,0,0,1,replayed_pf_result
9,19,1,31,1,0,0,1,replayed_pf_result
9,19,1,32,1,0,0,1,replayed_pf_result
9,19,1,33,1,0,0,1,replayed_pf_result
9,19,1,34,1,0,0,1,replayed_pf_result
9,19,1,35,1,0,0,1,replayed_pf_result
9,19,1,36,1,0,0,1,replayed_pf_result
9,19,1,37,1,0,0,1,replayed_pf_result
9,19,1,38,1,0,0,1,replayed_pf_result
9,19,1,39,1,0,0,1,replayed_pf_result
9,20,1,1,1.00274939785868,0,0,1,replayed_pf_result
9,20,1,2,1.01021734230663,0,0,1,replayed_pf_result
9,20,1,3,0.996511374165209,0,0,1,replayed_pf_result
9,20,1,4,0.973354358544748,0,0,1,replayed_pf_result
9,20,1,5,0.987103084859934,0,0,1,replayed_pf_result
9,20,1,6,0.99256818979658,0,0,1,replayed_pf_result
9,20,1,7,0.979694442432959,0,0,1,replayed_pf_result
9,20,1,8,0.977910010054708,0,0,1,replayed_pf_result
9,20,1,9,1.01077133388025,0,0,1,replayed_pf_result
9,20,1,10,1.01332494872007,0,0,1,replayed_pf_result
9,20,1,11,1.00503731913889,0,0,1,replayed_pf_result
9,20,1,12,0.994040286693736,0,0,1,replayed_pf_result
9,20,1,13,1.01008222299591,0,0,1,replayed_pf_result
9,20,1,14,1.00672887571936,0,0,1,replayed_pf_result
9,20,1,15,0.995082647327043,0,0,1,replayed_pf_result
9,20,1,16,1.00506582891245,0,0,1,replayed_pf_result
9,20,1,17,1.00424286692593,0,0,1,replayed_pf_result
9,20,1,18,0.999852278847037,0,0,1,replayed_pf_result
9,20,1,19,1.03885074058456,0,0,1,replayed_pf_result
9,20,1,20,0.979237793205131,0,0,1,replayed_pf_result
9,20,1,21,0.995695015181646,0,0,1,replayed_pf_result
9,20,1,22,1.00488762578673,0,0,1,replayed_pf_result
9,20,1,23,0.9976905812948,0,0,1,replayed_pf_result
9,20,1,24,1.00770289866171,0,0,1,replayed_pf_result
9,20,1,25,1.02116554840048,0,0,1,replayed_pf_result
9,20,1,26,1.02184483165209,0,0,1,replayed_pf_result
9,20,1,27,1.00786447906917,0,0,1,replayed_pf_result
9,20,1,28,1.02297804916938,0,0,1,replayed_pf_result
9,20,1,29,1.02333057524753,0,0,1,replayed_pf_result
9,20,1,30,1,0,0,1,replayed_pf_result
9,20,1,31,1,0,0,1,replayed_pf_result
9,20,1,32,1,0,0,1,replayed_pf_result
9,20,1,33,1,0,0,1,replayed_pf_result
9,20,1,34,1,0,0,1,replayed_pf_result
9,20,1,35,1,0,0,1,replayed_pf_result
9,20,1,36,1,0,0,1,replayed_pf_result
9,20,1,37,1,0,0,1,replayed_pf_result
9,20,1,38,1,0,0,1,replayed_pf_result
9,20,1,39,1,0,0,1,replayed_pf_result
10,1,1,1,1.00285006416421,0,0,1,replayed_pf_result
10,1,1,2,1.0099535243424,0,0,1,replayed_pf_result
10,1,1,3,0.995567541376251,0,0,1,replayed_pf_result
10,1,1,4,0.973083408983105,0,0,1,replayed_pf_result
10,1,1,5,0.972435088119027,0,0,1,replayed_pf_result
10,1,1,6,0.996845076421814,0,0,1,replayed_pf_result
10,1,1,7,0.975108316111893,0,0,1,replayed_pf_result
10,1,1,8,0.970388166079214,0,0,1,replayed_pf_result
10,1,1,9,1.00755239661004,0,0,1,replayed_pf_result
10,1,1,10,1.00757197375605,0,0,1,replayed_pf_result
10,1,1,11,1.00275930357423,0,0,1,replayed_pf_result
10,1,1,12,0.987585945760901,0,0,1,replayed_pf_result
10,1,1,13,0.999878735817422,0,0,1,replayed_pf_result
10,1,1,14,0.987183116416342,0,0,1,replayed_pf_result
10,1,1,15,0.985870265359623,0,0,1,replayed_pf_result
10,1,1,16,1.00048802418662,0,0,1,replayed_pf_result
10,1,1,17,1.0011417388861,0,0,1,replayed_pf_result
10,1,1,18,0.997617274789963,0,0,1,replayed_pf_result
10,1,1,19,1.03716758501047,0,0,1,replayed_pf_result
10,1,1,20,0.978318855914109,0,0,1,replayed_pf_result
10,1,1,21,0.992467159744377,0,0,1,replayed_pf_result
10,1,1,22,1.00315721094459,0,0,1,replayed_pf_result
10,1,1,23,0.9958983350394,0,0,1,replayed_pf_result
10,1,1,24,1.00352973689007,0,0,1,replayed_pf_result
10,1,1,25,1.02026635440543,0,0,1,replayed_pf_result
10,1,1,26,1.02016172970051,0,0,1,replayed_pf_result
10,1,1,27,1.00547757774444,0,0,1,replayed_pf_result
10,1,1,28,1.02210998596534,0,0,1,replayed_pf_result
10,1,1,29,1.02273570897423,0,0,1,replayed_pf_result
10,1,1,30,1,0,0,1,replayed_pf_result
10,1,1,31,1,0,0,1,replayed_pf_result
10,1,1,32,1,0,0,1,replayed_pf_result
10,1,1,33,1,0,0,1,replayed_pf_result
10,1,1,34,1,0,0,1,replayed_pf_result
10,1,1,35,1,0,0,1,replayed_pf_result
10,1,1,36,1,0,0,1,replayed_pf_result
10,1,1,37,1,0,0,1,replayed_pf_result
10,1,1,38,1,0,0,1,replayed_pf_result
10,1,1,39,1,0,0,1,replayed_pf_result
10,1,2,1,0.982732997071113,0,0,1,replayed_pf_result
10,1,2,2,0.980398512724018,0,0,1,replayed_pf_result
10,1,2,3,0.93432937500349,0,0,1,replayed_pf_result
10,1,2,4,0.851484083178197,0.0485159168218029,2.89312724746999,1,replayed_pf_result
10,1,2,5,0.830742404925237,0.0692575950747633,4.1734854086075,1,replayed_pf_result
10,1,2,6,0.967297522876237,0,0,1,replayed_pf_result
10,1,2,7,0.817463284443753,0.0825367155562474,5.00724303728363,1,replayed_pf_result
10,1,2,8,0.823286334439944,0.0767136655600557,4.64026716104809,1,replayed_pf_result
10,1,2,9,0.949444235925234,0,0,1,replayed_pf_result
10,1,2,10,0.942095138351752,0,0,1,replayed_pf_result
10,1,2,11,0.946550818325689,0,0,1,replayed_pf_result
10,1,2,12,0.914005068224351,0,0,1,replayed_pf_result
10,1,2,13,0.916001522734466,0,0,1,replayed_pf_result
10,1,2,14,0.878909269942047,0.0210907300579526,1.24046655350009,1,replayed_pf_result
10,1,2,15,0.922399736527642,0,0,1,replayed_pf_result
10,1,2,16,0.959072320441746,0,0,1,replayed_pf_result
10,1,2,17,0.956577621425097,0,0,1,replayed_pf_result
10,1,2,18,0.946256495315792,0,0,1,replayed_pf_result
10,1,2,19,1.02193736691198,0,0,1,replayed_pf_result
10,1,2,20,0.970002360012801,0,0,1,replayed_pf_result
10,1,2,21,0.963239519472953,0,0,1,replayed_pf_result
10,1,2,22,0.987484439505086,0,0,1,replayed_pf_result
10,1,2,23,0.979665819939124,0,0,1,replayed_pf_result
10,1,2,24,0.965773291987863,0,0,1,replayed_pf_result
10,1,2,25,1.00092210310704,0,0,1,replayed_pf_result
10,1,2,26,0.995898711610768,0,0,1,replayed_pf_result
10,1,2,27,0.971617599496577,0,0,1,replayed_pf_result
10,1,2,28,1.00959387013576,0,0,1,replayed_pf_result
10,1,2,29,1.01415862845234,0,0,1,replayed_pf_result
10,1,2,30,1,0,0,1,replayed_pf_result
10,1,2,31,1,0,0,1,replayed_pf_result
10,1,2,32,1,0,0,1,replayed_pf_result
10,1,2,33,1,0,0,1,replayed_pf_result
10,1,2,34,1,0,0,1,replayed_pf_result
10,1,2,35,1,0,0,1,replayed_pf_result
10,1,2,36,1,0,0,1,replayed_pf_result
10,1,2,37,1,0,0,1,replayed_pf_result
10,1,2,38,1,0,0,1,replayed_pf_result
10,1,2,39,1,0,0,1,replayed_pf_result
10,1,3,1,0.98747864338792,0,0,1,replayed_after_load_shedding
10,1,3,2,0.994431937152898,0,0,1,replayed_after_load_shedding
10,1,3,3,0.972305231895323,0,0,1,replayed_after_load_shedding
10,1,3,4,0.931106848894133,0,0,1,replayed_after_load_shedding
10,1,3,5,0.661952652990556,0.238047347009444,15.6417451073295,1,replayed_after_load_shedding
10,1,3,6,1.0082256,0,0,1,replayed_after_load_shedding
10,1,3,7,0.655543940497299,0.244456059502701,16.1164802896288,1,replayed_after_load_shedding
10,1,3,8,0.661405510560346,0.238594489439654,15.682156839211,1,replayed_after_load_shedding
10,1,3,9,0.853610773623148,0.0463892263768521,2.76334408445022,1,replayed_after_load_shedding
10,1,3,10,1.0178431,0,0,1,replayed_after_load_shedding
10,1,3,11,1.0133858,0,0,1,replayed_after_load_shedding
10,1,3,12,1.000815,0,0,1,replayed_after_load_shedding
10,1,3,13,1.014923,0,0,1,replayed_after_load_shedding
10,1,3,14,0.991562279357058,0,0,1,replayed_after_load_shedding
10,1,3,15,0.987624740398391,0,0,1,replayed_after_load_shedding
10,1,3,16,0.997689493146536,0,0,1,replayed_after_load_shedding
10,1,3,17,0.992916506669743,0,0,1,replayed_after_load_shedding
10,1,3,18,0.983162696002668,0,0,1,replayed_after_load_shedding
10,1,3,19,1.03680002177551,0,0,1,replayed_after_load_shedding
10,1,3,20,0.980478124168167,0,0,1,replayed_after_load_shedding
10,1,3,21,0.992596051810804,0,0,1,replayed_after_load_shedding
10,1,3,22,1.00335832026921,0,0,1,replayed_after_load_shedding
10,1,3,23,0.996453616057378,0,0,1,replayed_after_load_shedding
10,1,3,24,1.00023586630311,0,0,1,replayed_after_load_shedding
10,1,3,25,1.01900932365124,0,0,1,replayed_after_load_shedding
10,1,3,26,1.01912457357843,0,0,1,replayed_after_load_shedding
10,1,3,27,1.00280412386992,0,0,1,replayed_after_load_shedding
10,1,3,28,1.02319139245321,0,0,1,replayed_after_load_shedding
10,1,3,29,1.02355231420185,0,0,1,replayed_after_load_shedding
10,1,3,30,1,0,0,1,replayed_after_load_shedding
10,1,3,31,0.982,0,0,1,replayed_after_load_shedding
10,1,3,32,0.9841,0,0,1,replayed_after_load_shedding
10,1,3,33,0.999999999999999,0,0,1,replayed_after_load_shedding
10,1,3,34,1,0,0,1,replayed_after_load_shedding
10,1,3,35,1,0,0,1,replayed_after_load_shedding
10,1,3,36,1,0,0,1,replayed_after_load_shedding
10,1,3,37,1,0,0,1,replayed_after_load_shedding
10,1,3,38,1,0,0,1,replayed_after_load_shedding
10,1,3,39,0.999999999999999,0,0,1,replayed_after_load_shedding
10,2,1,1,1.00285006416421,0,0,1,replayed_pf_result
10,2,1,2,1.0099535243424,0,0,1,replayed_pf_result
10,2,1,3,0.995567541376251,0,0,1,replayed_pf_result
10,2,1,4,0.973083408983105,0,0,1,replayed_pf_result
10,2,1,5,0.972435088119027,0,0,1,replayed_pf_result
10,2,1,6,0.996845076421814,0,0,1,replayed_pf_result
10,2,1,7,0.975108316111893,0,0,1,replayed_pf_result
10,2,1,8,0.970388166079214,0,0,1,replayed_pf_result
10,2,1,9,1.00755239661004,0,0,1,replayed_pf_result
10,2,1,10,1.00757197375605,0,0,1,replayed_pf_result
10,2,1,11,1.00275930357423,0,0,1,replayed_pf_result
10,2,1,12,0.987585945760901,0,0,1,replayed_pf_result
10,2,1,13,0.999878735817422,0,0,1,replayed_pf_result
10,2,1,14,0.987183116416342,0,0,1,replayed_pf_result
10,2,1,15,0.985870265359623,0,0,1,replayed_pf_result
10,2,1,16,1.00048802418662,0,0,1,replayed_pf_result
10,2,1,17,1.0011417388861,0,0,1,replayed_pf_result
10,2,1,18,0.997617274789963,0,0,1,replayed_pf_result
10,2,1,19,1.03716758501047,0,0,1,replayed_pf_result
10,2,1,20,0.978318855914109,0,0,1,replayed_pf_result
10,2,1,21,0.992467159744377,0,0,1,replayed_pf_result
10,2,1,22,1.00315721094459,0,0,1,replayed_pf_result
10,2,1,23,0.9958983350394,0,0,1,replayed_pf_result
10,2,1,24,1.00352973689007,0,0,1,replayed_pf_result
10,2,1,25,1.02026635440543,0,0,1,replayed_pf_result
10,2,1,26,1.02016172970051,0,0,1,replayed_pf_result
10,2,1,27,1.00547757774444,0,0,1,replayed_pf_result
10,2,1,28,1.02210998596534,0,0,1,replayed_pf_result
10,2,1,29,1.02273570897423,0,0,1,replayed_pf_result
10,2,1,30,1,0,0,1,replayed_pf_result
10,2,1,31,1,0,0,1,replayed_pf_result
10,2,1,32,1,0,0,1,replayed_pf_result
10,2,1,33,1,0,0,1,replayed_pf_result
10,2,1,34,1,0,0,1,replayed_pf_result
10,2,1,35,1,0,0,1,replayed_pf_result
10,2,1,36,1,0,0,1,replayed_pf_result
10,2,1,37,1,0,0,1,replayed_pf_result
10,2,1,38,1,0,0,1,replayed_pf_result
10,2,1,39,1,0,0,1,replayed_pf_result
10,2,2,1,1.0030804665773,0,0,1,replayed_pf_result
10,2,2,2,1.00422853738403,0,0,1,replayed_pf_result
10,2,2,3,0.979397436942119,0,0,1,replayed_pf_result
10,2,2,4,0.939288681482975,0,0,1,replayed_pf_result
10,2,2,5,0.93229353714556,0,0,1,replayed_pf_result
10,2,2,6,0.969087710897217,0,0,1,replayed_pf_result
10,2,2,7,0.93534638596318,0,0,1,replayed_pf_result
10,2,2,8,0.929666244140361,0,0,1,replayed_pf_result
10,2,2,9,0.988434636840879,0,0,1,replayed_pf_result
10,2,2,10,0.999102013685946,0,0,1,replayed_pf_result
10,2,2,11,0.98738682869467,0,0,1,replayed_pf_result
10,2,2,12,0.978080450830238,0,0,1,replayed_pf_result
10,2,2,13,0.996753881283677,0,0,1,replayed_pf_result
10,2,2,14,0.951299606111403,0,0,1,replayed_pf_result
10,2,2,15,0.96621802635665,0,0,1,replayed_pf_result
10,2,2,16,0.9884477634528,0,0,1,replayed_pf_result
10,2,2,17,0.98889221056945,0,0,1,replayed_pf_result
10,2,2,18,0.983866488926342,0,0,1,replayed_pf_result
10,2,2,19,1.03274038516422,0,0,1,replayed_pf_result
10,2,2,20,0.975901632624357,0,0,1,replayed_pf_result
10,2,2,21,0.983974894599264,0,0,1,replayed_pf_result
10,2,2,22,0.998604179724902,0,0,1,replayed_pf_result
10,2,2,23,0.991182642073066,0,0,1,replayed_pf_result
10,2,2,24,0.99255358789321,0,0,1,replayed_pf_result
10,2,2,25,1.0141728812056,0,0,1,replayed_pf_result
10,2,2,26,1.01260672300672,0,0,1,replayed_pf_result
10,2,2,27,0.995563435137548,0,0,1,replayed_pf_result
10,2,2,28,1.01821321077326,0,0,1,replayed_pf_result
10,2,2,29,1.02006532297285,0,0,1,replayed_pf_result
10,2,2,30,0.999999999999999,0,0,1,replayed_pf_result
10,2,2,31,1,0,0,1,replayed_pf_result
10,2,2,32,1,0,0,1,replayed_pf_result
10,2,2,33,1,0,0,1,replayed_pf_result
10,2,2,34,1,0,0,1,replayed_pf_result
10,2,2,35,1,0,0,1,replayed_pf_result
10,2,2,36,1,0,0,1,replayed_pf_result
10,2,2,37,1,0,0,1,replayed_pf_result
10,2,2,38,1,0,0,1,replayed_pf_result
10,2,2,39,1,0,0,1,replayed_pf_result
10,2,3,1,0.997511906972244,0,0,1,replayed_pf_result
10,2,3,2,0.997684644544377,0,0,1,replayed_pf_result
10,2,3,3,0.970293053584548,0,0,1,replayed_pf_result
10,2,3,4,0.938321216016789,0,0,1,replayed_pf_result
10,2,3,5,0.829730102148897,0.0702698978511033,4.23665587150951,1,replayed_pf_result
10,2,3,6,1.0082256,0,0,1,replayed_pf_result
10,2,3,7,0.99839728,0,0,1,replayed_pf_result
10,2,3,8,0.829044281882948,0.0709557181170518,4.27948928428652,1,replayed_pf_result
10,2,3,9,0.937900077238262,0,0,1,replayed_pf_result
10,2,3,10,1.0178431,0,0,1,replayed_pf_result
10,2,3,11,1.0133858,0,0,1,replayed_pf_result
10,2,3,12,1.000815,0,0,1,replayed_pf_result
10,2,3,13,1.014923,0,0,1,replayed_pf_result
10,2,3,14,0.948782424433221,0,0,1,replayed_pf_result
10,2,3,15,0.962197898726329,0,0,1,replayed_pf_result
10,2,3,16,0.984611785179242,0,0,1,replayed_pf_result
10,2,3,17,0.983029958572104,0,0,1,replayed_pf_result
10,2,3,18,0.976737706583998,0,0,1,replayed_pf_result
10,2,3,19,1.03132981470618,0,0,1,replayed_pf_result
10,2,3,20,0.975131425671073,0,0,1,replayed_pf_result
10,2,3,21,0.981268500292668,0,0,1,replayed_pf_result
10,2,3,22,0.997153044580519,0,0,1,replayed_pf_result
10,2,3,23,0.98967967237314,0,0,1,replayed_pf_result
10,2,3,24,0.989056582018478,0,0,1,replayed_pf_result
10,2,3,25,1.00481514972542,0,0,1,replayed_pf_result
10,2,3,26,1.00492785537345,0,0,1,replayed_pf_result
10,2,3,27,0.988185096729929,0,0,1,replayed_pf_result
10,2,3,28,1.01425210080266,0,0,1,replayed_pf_result
10,2,3,29,1.01735084254532,0,0,1,replayed_pf_result
10,2,3,30,0.999999999999999,0,0,1,replayed_pf_result
10,2,3,31,0.982,0,0,1,replayed_pf_result
10,2,3,32,0.9841,0,0,1,replayed_pf_result
10,2,3,33,1,0,0,1,replayed_pf_result
10,2,3,34,1,0,0,1,replayed_pf_result
10,2,3,35,1,0,0,1,replayed_pf_result
10,2,3,36,1,0,0,1,replayed_pf_result
10,2,3,37,1,0,0,1,replayed_pf_result
10,2,3,38,1,0,0,1,replayed_pf_result
10,2,3,39,0.999999999999999,0,0,1,replayed_pf_result
10,2,4,1,1.00508268088686,0,0,1,replayed_after_load_shedding
10,2,4,2,1.00784558939032,0,0,1,replayed_after_load_shedding
10,2,4,3,0.841540490366947,0.0584595096330534,3.50361947953384,1,replayed_after_load_shedding
10,2,4,4,0.821298417339014,0.0787015826609857,4.76530801653255,1,replayed_after_load_shedding
10,2,4,5,0.851117013759324,0.0488829862406758,2.91555592735565,1,replayed_after_load_shedding
10,2,4,6,1.0082256,0,0,1,replayed_after_load_shedding
10,2,4,7,0.99839728,0,0,1,replayed_after_load_shedding
10,2,4,8,0.850413515965037,0.0495864840349632,2.95856407377491,1,replayed_after_load_shedding
10,2,4,9,0.948061804793353,0,0,1,replayed_after_load_shedding
10,2,4,10,1.0178431,0,0,1,replayed_after_load_shedding
10,2,4,11,1.0133858,0,0,1,replayed_after_load_shedding
10,2,4,12,1.000815,0,0,1,replayed_after_load_shedding
10,2,4,13,1.014923,0,0,1,replayed_after_load_shedding
10,2,4,14,0.84116503026506,0.0588349697349397,3.52679020179493,1,replayed_after_load_shedding
10,2,4,15,0.876533211808616,0.0234667881913845,1.38186293941978,1,replayed_after_load_shedding
10,2,4,16,0.912089435338197,0,0,1,replayed_after_load_shedding
10,2,4,17,0.879965619084189,0.0200343809158111,1.17771227926304,1,replayed_after_load_shedding
10,2,4,18,0.860982794919754,0.0390172050802455,2.31559063709256,1,replayed_after_load_shedding
10,2,4,19,1.00486460075229,0,0,1,replayed_after_load_shedding
10,2,4,20,0.961304198146079,0,0,1,replayed_after_load_shedding
10,2,4,21,0.930575334890107,0,0,1,replayed_after_load_shedding
10,2,4,22,0.969988134805291,0,0,1,replayed_after_load_shedding
10,2,4,23,0.961630949113717,0,0,1,replayed_after_load_shedding
10,2,4,24,0.922732165981743,0,0,1,replayed_after_load_shedding
10,2,4,25,0.956973156751709,0,0,1,replayed_after_load_shedding
10,2,4,26,0.899647841606292,0.000352158393708391,0.0204984073579364,1,replayed_after_load_shedding
10,2,4,27,0.868129499373981,0.0318705006260194,1.88466193703102,1,replayed_after_load_shedding
10,2,4,28,0.960344994183692,0,0,1,replayed_after_load_shedding
10,2,4,29,0.980425454991133,0,0,1,replayed_after_load_shedding
10,2,4,30,1,0,0,1,replayed_after_load_shedding
10,2,4,31,0.982,0,0,1,replayed_after_load_shedding
10,2,4,32,0.9841,0,0,1,replayed_after_load_shedding
10,2,4,33,1,0,0,1,replayed_after_load_shedding
10,2,4,34,1,0,0,1,replayed_after_load_shedding
10,2,4,35,1,0,0,1,replayed_after_load_shedding
10,2,4,36,1,0,0,1,replayed_after_load_shedding
10,2,4,37,1,0,0,1,replayed_after_load_shedding
10,2,4,38,1,0,0,1,replayed_after_load_shedding
10,2,4,39,0.999999999999999,0,0,1,replayed_after_load_shedding
10,3,1,1,1.00285006416421,0,0,1,replayed_pf_result
10,3,1,2,1.0099535243424,0,0,1,replayed_pf_result
10,3,1,3,0.995567541376251,0,0,1,replayed_pf_result
10,3,1,4,0.973083408983105,0,0,1,replayed_pf_result
10,3,1,5,0.972435088119027,0,0,1,replayed_pf_result
10,3,1,6,0.996845076421814,0,0,1,replayed_pf_result
10,3,1,7,0.975108316111893,0,0,1,replayed_pf_result
10,3,1,8,0.970388166079214,0,0,1,replayed_pf_result
10,3,1,9,1.00755239661004,0,0,1,replayed_pf_result
10,3,1,10,1.00757197375605,0,0,1,replayed_pf_result
10,3,1,11,1.00275930357423,0,0,1,replayed_pf_result
10,3,1,12,0.987585945760901,0,0,1,replayed_pf_result
10,3,1,13,0.999878735817422,0,0,1,replayed_pf_result
10,3,1,14,0.987183116416342,0,0,1,replayed_pf_result
10,3,1,15,0.985870265359623,0,0,1,replayed_pf_result
10,3,1,16,1.00048802418662,0,0,1,replayed_pf_result
10,3,1,17,1.0011417388861,0,0,1,replayed_pf_result
10,3,1,18,0.997617274789963,0,0,1,replayed_pf_result
10,3,1,19,1.03716758501047,0,0,1,replayed_pf_result
10,3,1,20,0.978318855914109,0,0,1,replayed_pf_result
10,3,1,21,0.992467159744377,0,0,1,replayed_pf_result
10,3,1,22,1.00315721094459,0,0,1,replayed_pf_result
10,3,1,23,0.9958983350394,0,0,1,replayed_pf_result
10,3,1,24,1.00352973689007,0,0,1,replayed_pf_result
10,3,1,25,1.02026635440543,0,0,1,replayed_pf_result
10,3,1,26,1.02016172970051,0,0,1,replayed_pf_result
10,3,1,27,1.00547757774444,0,0,1,replayed_pf_result
10,3,1,28,1.02210998596534,0,0,1,replayed_pf_result
10,3,1,29,1.02273570897423,0,0,1,replayed_pf_result
10,3,1,30,1,0,0,1,replayed_pf_result
10,3,1,31,1,0,0,1,replayed_pf_result
10,3,1,32,1,0,0,1,replayed_pf_result
10,3,1,33,1,0,0,1,replayed_pf_result
10,3,1,34,1,0,0,1,replayed_pf_result
10,3,1,35,1,0,0,1,replayed_pf_result
10,3,1,36,1,0,0,1,replayed_pf_result
10,3,1,37,1,0,0,1,replayed_pf_result
10,3,1,38,1,0,0,1,replayed_pf_result
10,3,1,39,1,0,0,1,replayed_pf_result
10,3,2,1,0.982732997071113,0,0,1,replayed_pf_result
10,3,2,2,0.980398512724018,0,0,1,replayed_pf_result
10,3,2,3,0.93432937500349,0,0,1,replayed_pf_result
10,3,2,4,0.851484083178197,0.0485159168218029,2.89312724746999,1,replayed_pf_result
10,3,2,5,0.830742404925237,0.0692575950747633,4.1734854086075,1,replayed_pf_result
10,3,2,6,0.967297522876237,0,0,1,replayed_pf_result
10,3,2,7,0.817463284443753,0.0825367155562474,5.00724303728363,1,replayed_pf_result
10,3,2,8,0.823286334439944,0.0767136655600557,4.64026716104809,1,replayed_pf_result
10,3,2,9,0.949444235925234,0,0,1,replayed_pf_result
10,3,2,10,0.942095138351752,0,0,1,replayed_pf_result
10,3,2,11,0.946550818325689,0,0,1,replayed_pf_result
10,3,2,12,0.914005068224351,0,0,1,replayed_pf_result
10,3,2,13,0.916001522734466,0,0,1,replayed_pf_result
10,3,2,14,0.878909269942047,0.0210907300579526,1.24046655350009,1,replayed_pf_result
10,3,2,15,0.922399736527642,0,0,1,replayed_pf_result
10,3,2,16,0.959072320441746,0,0,1,replayed_pf_result
10,3,2,17,0.956577621425097,0,0,1,replayed_pf_result
10,3,2,18,0.946256495315792,0,0,1,replayed_pf_result
10,3,2,19,1.02193736691198,0,0,1,replayed_pf_result
10,3,2,20,0.970002360012801,0,0,1,replayed_pf_result
10,3,2,21,0.963239519472953,0,0,1,replayed_pf_result
10,3,2,22,0.987484439505086,0,0,1,replayed_pf_result
10,3,2,23,0.979665819939124,0,0,1,replayed_pf_result
10,3,2,24,0.965773291987863,0,0,1,replayed_pf_result
10,3,2,25,1.00092210310704,0,0,1,replayed_pf_result
10,3,2,26,0.995898711610768,0,0,1,replayed_pf_result
10,3,2,27,0.971617599496577,0,0,1,replayed_pf_result
10,3,2,28,1.00959387013576,0,0,1,replayed_pf_result
10,3,2,29,1.01415862845234,0,0,1,replayed_pf_result
10,3,2,30,1,0,0,1,replayed_pf_result
10,3,2,31,1,0,0,1,replayed_pf_result
10,3,2,32,1,0,0,1,replayed_pf_result
10,3,2,33,1,0,0,1,replayed_pf_result
10,3,2,34,1,0,0,1,replayed_pf_result
10,3,2,35,1,0,0,1,replayed_pf_result
10,3,2,36,1,0,0,1,replayed_pf_result
10,3,2,37,1,0,0,1,replayed_pf_result
10,3,2,38,1,0,0,1,replayed_pf_result
10,3,2,39,1,0,0,1,replayed_pf_result
10,3,3,1,0.98747864338792,0,0,1,replayed_after_load_shedding
10,3,3,2,0.994431937152898,0,0,1,replayed_after_load_shedding
10,3,3,3,0.972305231895323,0,0,1,replayed_after_load_shedding
10,3,3,4,0.931106848894133,0,0,1,replayed_after_load_shedding
10,3,3,5,0.661952652990556,0.238047347009444,15.6417451073295,1,replayed_after_load_shedding
10,3,3,6,1.0082256,0,0,1,replayed_after_load_shedding
10,3,3,7,0.655543940497299,0.244456059502701,16.1164802896288,1,replayed_after_load_shedding
10,3,3,8,0.661405510560346,0.238594489439654,15.682156839211,1,replayed_after_load_shedding
10,3,3,9,0.853610773623148,0.0463892263768521,2.76334408445022,1,replayed_after_load_shedding
10,3,3,10,1.0178431,0,0,1,replayed_after_load_shedding
10,3,3,11,1.0133858,0,0,1,replayed_after_load_shedding
10,3,3,12,1.000815,0,0,1,replayed_after_load_shedding
10,3,3,13,1.014923,0,0,1,replayed_after_load_shedding
10,3,3,14,0.991562279357058,0,0,1,replayed_after_load_shedding
10,3,3,15,0.987624740398391,0,0,1,replayed_after_load_shedding
10,3,3,16,0.997689493146536,0,0,1,replayed_after_load_shedding
10,3,3,17,0.992916506669743,0,0,1,replayed_after_load_shedding
10,3,3,18,0.983162696002668,0,0,1,replayed_after_load_shedding
10,3,3,19,1.03680002177551,0,0,1,replayed_after_load_shedding
10,3,3,20,0.980478124168167,0,0,1,replayed_after_load_shedding
10,3,3,21,0.992596051810804,0,0,1,replayed_after_load_shedding
10,3,3,22,1.00335832026921,0,0,1,replayed_after_load_shedding
10,3,3,23,0.996453616057378,0,0,1,replayed_after_load_shedding
10,3,3,24,1.00023586630311,0,0,1,replayed_after_load_shedding
10,3,3,25,1.01900932365124,0,0,1,replayed_after_load_shedding
10,3,3,26,1.01912457357843,0,0,1,replayed_after_load_shedding
10,3,3,27,1.00280412386992,0,0,1,replayed_after_load_shedding
10,3,3,28,1.02319139245321,0,0,1,replayed_after_load_shedding
10,3,3,29,1.02355231420185,0,0,1,replayed_after_load_shedding
10,3,3,30,1,0,0,1,replayed_after_load_shedding
10,3,3,31,0.982,0,0,1,replayed_after_load_shedding
10,3,3,32,0.9841,0,0,1,replayed_after_load_shedding
10,3,3,33,0.999999999999999,0,0,1,replayed_after_load_shedding
10,3,3,34,1,0,0,1,replayed_after_load_shedding
10,3,3,35,1,0,0,1,replayed_after_load_shedding
10,3,3,36,1,0,0,1,replayed_after_load_shedding
10,3,3,37,1,0,0,1,replayed_after_load_shedding
10,3,3,38,1,0,0,1,replayed_after_load_shedding
10,3,3,39,0.999999999999999,0,0,1,replayed_after_load_shedding
10,3,4,1,0.95068655919826,0,0,1,replayed_pf_result
10,3,4,2,0.990085935940387,0,0,1,replayed_pf_result
10,3,4,3,0.993735068981326,0,0,1,replayed_pf_result
10,3,4,4,1.00446,0,0,1,replayed_pf_result
10,3,4,5,1.0060063,0,0,1,replayed_pf_result
10,3,4,6,1.0082256,0,0,1,replayed_pf_result
10,3,4,7,0.99839728,0,0,1,replayed_pf_result
10,3,4,8,0.99787232,0,0,1,replayed_pf_result
10,3,4,9,1.02832453117517,0,0,1,replayed_pf_result
10,3,4,10,1.0178431,0,0,1,replayed_pf_result
10,3,4,11,1.0133858,0,0,1,replayed_pf_result
10,3,4,12,1.000815,0,0,1,replayed_pf_result
10,3,4,13,1.014923,0,0,1,replayed_pf_result
10,3,4,14,0.997935726709742,0,0,1,replayed_pf_result
10,3,4,15,0.993972878501445,0,0,1,replayed_pf_result
10,3,4,16,1.00391617639893,0,0,1,replayed_pf_result
10,3,4,17,1.00276136346332,0,0,1,replayed_pf_result
10,3,4,18,0.99772044374308,0,0,1,replayed_pf_result
10,3,4,19,1.0390921528099,0,0,1,replayed_pf_result
10,3,4,20,0.981725475903154,0,0,1,replayed_pf_result
10,3,4,21,0.996982241761695,0,0,1,replayed_pf_result
10,3,4,22,1.00571102331623,0,0,1,replayed_pf_result
10,3,4,23,0.998890723859203,0,0,1,replayed_pf_result
10,3,4,24,1.00591871574695,0,0,1,replayed_pf_result
10,3,4,25,1.01888796697959,0,0,1,replayed_pf_result
10,3,4,26,1.02299405193866,0,0,1,replayed_pf_result
10,3,4,27,1.00955549830318,0,0,1,replayed_pf_result
10,3,4,28,1.02518611545188,0,0,1,replayed_pf_result
10,3,4,29,1.02491957830051,0,0,1,replayed_pf_result
10,3,4,30,1,0,0,1,replayed_pf_result
10,3,4,31,0.982,0,0,1,replayed_pf_result
10,3,4,32,0.9841,0,0,1,replayed_pf_result
10,3,4,33,1,0,0,1,replayed_pf_result
10,3,4,34,1,0,0,1,replayed_pf_result
10,3,4,35,1,0,0,1,replayed_pf_result
10,3,4,36,1,0,0,1,replayed_pf_result
10,3,4,37,1,0,0,1,replayed_pf_result
10,3,4,38,1,0,0,1,replayed_pf_result
10,3,4,39,1,0,0,1,replayed_pf_result
10,4,1,1,1.00285006416421,0,0,1,replayed_pf_result
10,4,1,2,1.0099535243424,0,0,1,replayed_pf_result
10,4,1,3,0.995567541376251,0,0,1,replayed_pf_result
10,4,1,4,0.973083408983105,0,0,1,replayed_pf_result
10,4,1,5,0.972435088119027,0,0,1,replayed_pf_result
10,4,1,6,0.996845076421814,0,0,1,replayed_pf_result
10,4,1,7,0.975108316111893,0,0,1,replayed_pf_result
10,4,1,8,0.970388166079214,0,0,1,replayed_pf_result
10,4,1,9,1.00755239661004,0,0,1,replayed_pf_result
10,4,1,10,1.00757197375605,0,0,1,replayed_pf_result
10,4,1,11,1.00275930357423,0,0,1,replayed_pf_result
10,4,1,12,0.987585945760901,0,0,1,replayed_pf_result
10,4,1,13,0.999878735817422,0,0,1,replayed_pf_result
10,4,1,14,0.987183116416342,0,0,1,replayed_pf_result
10,4,1,15,0.985870265359623,0,0,1,replayed_pf_result
10,4,1,16,1.00048802418662,0,0,1,replayed_pf_result
10,4,1,17,1.0011417388861,0,0,1,replayed_pf_result
10,4,1,18,0.997617274789963,0,0,1,replayed_pf_result
10,4,1,19,1.03716758501047,0,0,1,replayed_pf_result
10,4,1,20,0.978318855914109,0,0,1,replayed_pf_result
10,4,1,21,0.992467159744377,0,0,1,replayed_pf_result
10,4,1,22,1.00315721094459,0,0,1,replayed_pf_result
10,4,1,23,0.9958983350394,0,0,1,replayed_pf_result
10,4,1,24,1.00352973689007,0,0,1,replayed_pf_result
10,4,1,25,1.02026635440543,0,0,1,replayed_pf_result
10,4,1,26,1.02016172970051,0,0,1,replayed_pf_result
10,4,1,27,1.00547757774444,0,0,1,replayed_pf_result
10,4,1,28,1.02210998596534,0,0,1,replayed_pf_result
10,4,1,29,1.02273570897423,0,0,1,replayed_pf_result
10,4,1,30,1,0,0,1,replayed_pf_result
10,4,1,31,1,0,0,1,replayed_pf_result
10,4,1,32,1,0,0,1,replayed_pf_result
10,4,1,33,1,0,0,1,replayed_pf_result
10,4,1,34,1,0,0,1,replayed_pf_result
10,4,1,35,1,0,0,1,replayed_pf_result
10,4,1,36,1,0,0,1,replayed_pf_result
10,4,1,37,1,0,0,1,replayed_pf_result
10,4,1,38,1,0,0,1,replayed_pf_result
10,4,1,39,1,0,0,1,replayed_pf_result
10,5,1,1,1.00285006416421,0,0,1,replayed_pf_result
10,5,1,2,1.0099535243424,0,0,1,replayed_pf_result
10,5,1,3,0.995567541376251,0,0,1,replayed_pf_result
10,5,1,4,0.973083408983105,0,0,1,replayed_pf_result
10,5,1,5,0.972435088119027,0,0,1,replayed_pf_result
10,5,1,6,0.996845076421814,0,0,1,replayed_pf_result
10,5,1,7,0.975108316111893,0,0,1,replayed_pf_result
10,5,1,8,0.970388166079214,0,0,1,replayed_pf_result
10,5,1,9,1.00755239661004,0,0,1,replayed_pf_result
10,5,1,10,1.00757197375605,0,0,1,replayed_pf_result
10,5,1,11,1.00275930357423,0,0,1,replayed_pf_result
10,5,1,12,0.987585945760901,0,0,1,replayed_pf_result
10,5,1,13,0.999878735817422,0,0,1,replayed_pf_result
10,5,1,14,0.987183116416342,0,0,1,replayed_pf_result
10,5,1,15,0.985870265359623,0,0,1,replayed_pf_result
10,5,1,16,1.00048802418662,0,0,1,replayed_pf_result
10,5,1,17,1.0011417388861,0,0,1,replayed_pf_result
10,5,1,18,0.997617274789963,0,0,1,replayed_pf_result
10,5,1,19,1.03716758501047,0,0,1,replayed_pf_result
10,5,1,20,0.978318855914109,0,0,1,replayed_pf_result
10,5,1,21,0.992467159744377,0,0,1,replayed_pf_result
10,5,1,22,1.00315721094459,0,0,1,replayed_pf_result
10,5,1,23,0.9958983350394,0,0,1,replayed_pf_result
10,5,1,24,1.00352973689007,0,0,1,replayed_pf_result
10,5,1,25,1.02026635440543,0,0,1,replayed_pf_result
10,5,1,26,1.02016172970051,0,0,1,replayed_pf_result
10,5,1,27,1.00547757774444,0,0,1,replayed_pf_result
10,5,1,28,1.02210998596534,0,0,1,replayed_pf_result
10,5,1,29,1.02273570897423,0,0,1,replayed_pf_result
10,5,1,30,1,0,0,1,replayed_pf_result
10,5,1,31,1,0,0,1,replayed_pf_result
10,5,1,32,1,0,0,1,replayed_pf_result
10,5,1,33,1,0,0,1,replayed_pf_result
10,5,1,34,1,0,0,1,replayed_pf_result
10,5,1,35,1,0,0,1,replayed_pf_result
10,5,1,36,1,0,0,1,replayed_pf_result
10,5,1,37,1,0,0,1,replayed_pf_result
10,5,1,38,1,0,0,1,replayed_pf_result
10,5,1,39,1,0,0,1,replayed_pf_result
10,6,1,1,1.00285006416421,0,0,1,replayed_pf_result
10,6,1,2,1.0099535243424,0,0,1,replayed_pf_result
10,6,1,3,0.995567541376251,0,0,1,replayed_pf_result
10,6,1,4,0.973083408983105,0,0,1,replayed_pf_result
10,6,1,5,0.972435088119027,0,0,1,replayed_pf_result
10,6,1,6,0.996845076421814,0,0,1,replayed_pf_result
10,6,1,7,0.975108316111893,0,0,1,replayed_pf_result
10,6,1,8,0.970388166079214,0,0,1,replayed_pf_result
10,6,1,9,1.00755239661004,0,0,1,replayed_pf_result
10,6,1,10,1.00757197375605,0,0,1,replayed_pf_result
10,6,1,11,1.00275930357423,0,0,1,replayed_pf_result
10,6,1,12,0.987585945760901,0,0,1,replayed_pf_result
10,6,1,13,0.999878735817422,0,0,1,replayed_pf_result
10,6,1,14,0.987183116416342,0,0,1,replayed_pf_result
10,6,1,15,0.985870265359623,0,0,1,replayed_pf_result
10,6,1,16,1.00048802418662,0,0,1,replayed_pf_result
10,6,1,17,1.0011417388861,0,0,1,replayed_pf_result
10,6,1,18,0.997617274789963,0,0,1,replayed_pf_result
10,6,1,19,1.03716758501047,0,0,1,replayed_pf_result
10,6,1,20,0.978318855914109,0,0,1,replayed_pf_result
10,6,1,21,0.992467159744377,0,0,1,replayed_pf_result
10,6,1,22,1.00315721094459,0,0,1,replayed_pf_result
10,6,1,23,0.9958983350394,0,0,1,replayed_pf_result
10,6,1,24,1.00352973689007,0,0,1,replayed_pf_result
10,6,1,25,1.02026635440543,0,0,1,replayed_pf_result
10,6,1,26,1.02016172970051,0,0,1,replayed_pf_result
10,6,1,27,1.00547757774444,0,0,1,replayed_pf_result
10,6,1,28,1.02210998596534,0,0,1,replayed_pf_result
10,6,1,29,1.02273570897423,0,0,1,replayed_pf_result
10,6,1,30,1,0,0,1,replayed_pf_result
10,6,1,31,1,0,0,1,replayed_pf_result
10,6,1,32,1,0,0,1,replayed_pf_result
10,6,1,33,1,0,0,1,replayed_pf_result
10,6,1,34,1,0,0,1,replayed_pf_result
10,6,1,35,1,0,0,1,replayed_pf_result
10,6,1,36,1,0,0,1,replayed_pf_result
10,6,1,37,1,0,0,1,replayed_pf_result
10,6,1,38,1,0,0,1,replayed_pf_result
10,6,1,39,1,0,0,1,replayed_pf_result
10,6,2,1,1.0027369828415,0,0,1,replayed_pf_result
10,6,2,2,1.00588945977948,0,0,1,replayed_pf_result
10,6,2,3,0.984443425976956,0,0,1,replayed_pf_result
10,6,2,4,0.950442601982458,0,0,1,replayed_pf_result
10,6,2,5,0.949386737726907,0,0,1,replayed_pf_result
10,6,2,6,0.982618951385723,0,0,1,replayed_pf_result
10,6,2,7,0.95438301574846,0,0,1,replayed_pf_result
10,6,2,8,0.948758819040691,0,0,1,replayed_pf_result
10,6,2,9,0.997493543177575,0,0,1,replayed_pf_result
10,6,2,10,1.00713966087956,0,0,1,replayed_pf_result
10,6,2,11,0.994756081647361,0,0,1,replayed_pf_result
10,6,2,12,0.954299917489287,0,0,1,replayed_pf_result
10,6,2,13,0.956659119746885,0,0,1,replayed_pf_result
10,6,2,14,0.958268648202542,0,0,1,replayed_pf_result
10,6,2,15,0.970434289822828,0,0,1,replayed_pf_result
10,6,2,16,0.991268610625931,0,0,1,replayed_pf_result
10,6,2,17,0.992134020866609,0,0,1,replayed_pf_result
10,6,2,18,0.987799917291628,0,0,1,replayed_pf_result
10,6,2,19,1.03377764481189,0,0,1,replayed_pf_result
10,6,2,20,0.976467988774551,0,0,1,replayed_pf_result
10,6,2,21,0.985964837816261,0,0,1,replayed_pf_result
10,6,2,22,0.999671121468223,0,0,1,replayed_pf_result
10,6,2,23,0.99228769771924,0,0,1,replayed_pf_result
10,6,2,24,0.995125150878608,0,0,1,replayed_pf_result
10,6,2,25,1.0161594372722,0,0,1,replayed_pf_result
10,6,2,26,1.01483916397802,0,0,1,replayed_pf_result
10,6,2,27,0.998336159957746,0,0,1,replayed_pf_result
10,6,2,28,1.01936472043604,0,0,1,replayed_pf_result
10,6,2,29,1.02085443138611,0,0,1,replayed_pf_result
10,6,2,30,1,0,0,1,replayed_pf_result
10,6,2,31,1,0,0,1,replayed_pf_result
10,6,2,32,1,0,0,1,replayed_pf_result
10,6,2,33,1,0,0,1,replayed_pf_result
10,6,2,34,1,0,0,1,replayed_pf_result
10,6,2,35,1,0,0,1,replayed_pf_result
10,6,2,36,1,0,0,1,replayed_pf_result
10,6,2,37,1,0,0,1,replayed_pf_result
10,6,2,38,1,0,0,1,replayed_pf_result
10,6,2,39,1,0,0,1,replayed_pf_result
10,6,3,1,0.998604865541385,0,0,1,replayed_after_load_shedding
10,6,3,2,1.00095463698907,0,0,1,replayed_after_load_shedding
10,6,3,3,0.978224454272834,0,0,1,replayed_after_load_shedding
10,6,3,4,0.941176802042438,0,0,1,replayed_after_load_shedding
10,6,3,5,0.938062489954008,0,0,1,replayed_after_load_shedding
10,6,3,6,1.04057220410005,0,0,1,replayed_after_load_shedding
10,6,3,7,0.99839728,0,0,1,replayed_after_load_shedding
10,6,3,8,0.935856303713655,0,0,1,replayed_after_load_shedding
10,6,3,9,0.993920988832353,0,0,1,replayed_after_load_shedding
10,6,3,10,1.03953736650155,0,0,1,replayed_after_load_shedding
10,6,3,11,1.0331869093866,0,0,1,replayed_after_load_shedding
10,6,3,12,0.961289230332982,0,0,1,replayed_after_load_shedding
10,6,3,13,0.948592455219558,0,0,1,replayed_after_load_shedding
10,6,3,14,0.949290756187127,0,0,1,replayed_after_load_shedding
10,6,3,15,0.967743949671391,0,0,1,replayed_after_load_shedding
10,6,3,16,0.989429821027776,0,0,1,replayed_after_load_shedding
10,6,3,17,0.990065421291933,0,0,1,replayed_after_load_shedding
10,6,3,18,0.984209608928605,0,0,1,replayed_after_load_shedding
10,6,3,19,1.03364575092088,0,0,1,replayed_after_load_shedding
10,6,3,20,0.978191611416024,0,0,1,replayed_after_load_shedding
10,6,3,21,0.986258161534209,0,0,1,replayed_after_load_shedding
10,6,3,22,0.999927046663066,0,0,1,replayed_after_load_shedding
10,6,3,23,0.992813039012326,0,0,1,replayed_after_load_shedding
10,6,3,24,0.992889856611911,0,0,1,replayed_after_load_shedding
10,6,3,25,1.01887156784846,0,0,1,replayed_after_load_shedding
10,6,3,26,1.01708962064663,0,0,1,replayed_after_load_shedding
10,6,3,27,0.999809804943176,0,0,1,replayed_after_load_shedding
10,6,3,28,1.02176978808965,0,0,1,replayed_after_load_shedding
10,6,3,29,1.02255983778278,0,0,1,replayed_after_load_shedding
10,6,3,30,1,0,0,1,replayed_after_load_shedding
10,6,3,31,1,0,0,1,replayed_after_load_shedding
10,6,3,32,1,0,0,1,replayed_after_load_shedding
10,6,3,33,1,0,0,1,replayed_after_load_shedding
10,6,3,34,1,0,0,1,replayed_after_load_shedding
10,6,3,35,1,0,0,1,replayed_after_load_shedding
10,6,3,36,1,0,0,1,replayed_after_load_shedding
10,6,3,37,1,0,0,1,replayed_after_load_shedding
10,6,3,38,1,0,0,1,replayed_after_load_shedding
10,6,3,39,1,0,0,1,replayed_after_load_shedding
10,6,4,1,0.99794926145858,0,0,1,replayed_pf_result
10,6,4,2,0.999404657925428,0,0,1,replayed_pf_result
10,6,4,3,0.974639495855475,0,0,1,replayed_pf_result
10,6,4,4,0.934206195229547,0,0,1,replayed_pf_result
10,6,4,5,0.931958975008056,0,0,1,replayed_pf_result
10,6,4,6,1.01132398126138,0,0,1,replayed_pf_result
10,6,4,7,0.99839728,0,0,1,replayed_pf_result
10,6,4,8,0.930560409239942,0,0,1,replayed_pf_result
10,6,4,9,0.991753719359593,0,0,1,replayed_pf_result
10,6,4,10,1.0178431,0,0,1,replayed_pf_result
10,6,4,11,0.993507071849189,0,0,1,replayed_pf_result
10,6,4,12,0.932066298463131,0,0,1,replayed_pf_result
10,6,4,13,0.935060279956982,0,0,1,replayed_pf_result
10,6,4,14,0.939719844860579,0,0,1,replayed_pf_result
10,6,4,15,0.962659033107622,0,0,1,replayed_pf_result
10,6,4,16,0.986373071343795,0,0,1,replayed_pf_result
10,6,4,17,0.987092118198249,0,0,1,replayed_pf_result
10,6,4,18,0.980990534006878,0,0,1,replayed_pf_result
10,6,4,19,1.0325208895281,0,0,1,replayed_pf_result
10,6,4,20,0.977578981794029,0,0,1,replayed_pf_result
10,6,4,21,0.984103395796736,0,0,1,replayed_pf_result
10,6,4,22,0.998771225892291,0,0,1,replayed_pf_result
10,6,4,23,0.991615795550758,0,0,1,replayed_pf_result
10,6,4,24,0.990100780658747,0,0,1,replayed_pf_result
10,6,4,25,1.01768127928756,0,0,1,replayed_pf_result
10,6,4,26,1.0154778718767,0,0,1,replayed_pf_result
10,6,4,27,0.997553478533964,0,0,1,replayed_pf_result
10,6,4,28,1.02093886095046,0,0,1,replayed_pf_result
10,6,4,29,1.02199031913175,0,0,1,replayed_pf_result
10,6,4,30,1,0,0,1,replayed_pf_result
10,6,4,31,1,0,0,1,replayed_pf_result
10,6,4,32,0.9841,0,0,1,replayed_pf_result
10,6,4,33,1,0,0,1,replayed_pf_result
10,6,4,34,1,0,0,1,replayed_pf_result
10,6,4,35,1,0,0,1,replayed_pf_result
10,6,4,36,1,0,0,1,replayed_pf_result
10,6,4,37,1,0,0,1,replayed_pf_result
10,6,4,38,1,0,0,1,replayed_pf_result
10,6,4,39,1,0,0,1,replayed_pf_result
10,6,5,1,1.00172910416843,0,0,1,replayed_pf_result
10,6,5,2,0.995925106863083,0,0,1,replayed_pf_result
10,6,5,3,0.963295077927087,0,0,1,replayed_pf_result
10,6,5,4,0.915763499609347,0,0,1,replayed_pf_result
10,6,5,5,0.916171564073577,0,0,1,replayed_pf_result
10,6,5,6,1.0082256,0,0,1,replayed_pf_result
10,6,5,7,0.99839728,0,0,1,replayed_pf_result
10,6,5,8,0.915297486467935,0,0,1,replayed_pf_result
10,6,5,9,0.982153919092971,0,0,1,replayed_pf_result
10,6,5,10,1.0178431,0,0,1,replayed_pf_result
10,6,5,11,0.917207329400056,0,0,1,replayed_pf_result
10,6,5,12,0.922710573376429,0,0,1,replayed_pf_result
10,6,5,13,0.952811274666188,0,0,1,replayed_pf_result
10,6,5,14,0.960290236835058,0,0,1,replayed_pf_result
10,6,5,15,0.970740321451122,0,0,1,replayed_pf_result
10,6,5,16,0.988274578480575,0,0,1,replayed_pf_result
